-66.75 -1.2067683057426941 978.5750045243384
-66.25 -3.9629298140936053 999.6929834377712
-65.75 -4.925877684439163 1023.7532821143368
-65.2525 -5.834000718050595 883.0393917117443
-65.0 3.2351898598825906 813.8584327243004
-64.7475 11.647774513815943 830.522987906002
-64.25 8.943926074596755 855.6465163258581
-63.75 7.333943386585958 1017.7252437002413
-63.25 5.904584745052316 847.5283796316784
-62.75 4.206820195467651 921.9225478657987
-62.25 2.1522050401490804 940.5741639715862
-61.75 -0.032829130001192044 957.110935278892
-61.25 -2.5315430049897336 1760.1333202662881
-60.75 -5.202223522268162 1776.064719499497
-60.25 -7.899683863604749 1644.213902187099
-59.75 -10.731799177075576 1654.2043662393069
-59.25 -14.085769960973474 1662.1340804064173
-58.75 -17.54628039616327 1666.4884985578394
-58.25 -21.11656087523382 1668.7717628667672
-57.75 -24.76255710624837 1496.5037884842234
-57.25 -28.50621891331269 1531.178756995795
-56.75 -32.26497909296135 1515.8653123331678
-56.25 -35.85784287791563 1334.7535239263457
-55.75 -39.19546884436972 1962.2363464493
-55.0 -43.940645161320965 1987.745288194945
-54.0 -49.11756847577619 1970.2429380982676
-53.0 -53.019706503641366 1938.0861983914049
-52.0 -55.73809655347655 1805.1427146580281
-51.0 -56.93976762997376 1119.127291683575
-50.2525 -56.9484219082791 1097.8327824055616
-49.9975 -59.22928925690753 949.1515529987781
-49.5 -64.1137342176518 934.721286626445
-49.0025 -63.57450563922965 1268.9575385711482
-48.7475 -60.28321856601214 1249.776817899869
-48.25 -59.71456942848264 1302.409149270932
-47.75 -59.21150875858209 1261.3384407713513
-47.2 -58.72995653283159 1447.7984631999589
-45.95 -56.22218087364603 1402.084305006266
-42.5 -36.69705133779227 1510.4499533870394
-37.5 -17.2546860095096 1828.570470266746
-32.5 10.068542104260386 2066.904434579897
-27.5 53.621741973271 2434.9914404140573
-22.5 106.11114769238884 2944.6531338754676
-17.5 124.01698942968207 3451.598918850038
-12.5 9.137832948364082 3737.748603021688
-7.5 -309.764535097943 3269.3559900851005
-2.5 -837.0165681929755 1430.7003115500934
2.5 -1031.9539900068023 -3694.344539767639
7.5 -575.9844161854718 -8938.401010196545
12.5 32.107822201283355 -10056.055046798576
17.5 213.12746513708495 -8992.935256503859
22.5 148.04001517402284 -7875.042593310778
27.5 107.94139209844992 -7322.0097057359835
32.5 150.0390054268569 -6729.720219508012
37.5 212.70041525916207 -5830.869371923735
42.5 267.42248939558226 -4688.593013264073
47.35 275.04489859536744 -3478.971892434735
50.0 294.1345611566323 -2699.179930559394
50.599999999999994 292.17190288281466 -2524.6471247494746
51.2 290.24827796973494 -2351.491613155528
51.8 288.3715922184488 -2179.6070415290865
52.400000000000006 286.45988045854017 -2008.2347934282207
53.0 284.3810836562223 -1841.93948115147
53.599999999999994 281.9497781486149 -1673.6770448133702
54.2 279.0478223969996 -1507.7201457186375
54.8 275.4518463404026 -1343.828185315317
55.400000000000006 271.0111079297745 -1182.3664134965475
56.0 265.0927159825245 -1023.7896714586681
56.599999999999994 256.8663040163545 -869.2527424433971
57.2 243.538983066308 -719.5233643494806
57.8 225.24455466133773 -578.9066514292731
58.35 206.41225389012058 -460.4681978473908
58.85 188.24009012254083 -363.1563816519946
59.35 169.0702883864453 -275.52075863078016
59.85 149.41815265454164 -197.98320252441897
60.35 129.803246004532 -130.6679923905501
60.8475 110.28562505667217 -73.79203896692691
61.099999999999994 100.57137961515689 -45.87208894649397
61.3525 90.7051283741922 -26.42444231774051
61.8475 71.74912663141275 10.053418786829157
62.099000000000004 62.60333122667825 28.831725155125437
62.263999999999996 56.6888406139321 34.84575939767021
62.5875 45.470249252956236 48.560793069496285
62.925 34.51608911935633 58.690838086148304
63.35 21.965770197457775 64.83276782315508
63.849999999999994 9.448569737031747 66.72373959028646
64.35 0.2680340674641008 58.47444938073383
64.85 -5.973292884098533 50.75509634897954
65.35 -9.892080258824365 37.83238057112336
65.85 -10.368182984804365 19.869694897889595
