-66.75 86574.45342353712
-66.25 87113.44105871361
-65.75 88059.82278902741
-65.25 92149.83148921403
-65.0 109265.16622724227
-64.75 107835.88036531715
-64.25 104746.12460838474
-63.75 84919.3924514812
-63.25 113927.6097818785
-62.75 97188.79724331132
-62.25 95409.50058977035
-61.75 93807.18774128312
-61.25 512737.1885619642
-60.75 528382.1650747781
-60.25 378263.4299764999
-59.75 392438.92976546555
-59.25 409157.8314184802
-58.75 427885.4159270755
-58.25 450181.0226384701
-57.75 307654.56603542087
-57.25 367358.0851061311
-56.75 390326.81151187106
-56.25 288071.5693214796
-55.75 1122395.7715872743
-55.0 1306615.372649402
-54.0 1495522.4988215186
-53.0 1700986.7134366117
-52.0 1742568.0411664564
-51.0 1055666.6509568824
-50.25 1262036.9189066305
-50.0 1221727.1348323454
-49.5 1369870.985963504
-49.0 1926432.6374504284
-48.75 2013564.3742286074
-48.25 2313722.006946692
-47.75 2478159.561015174
-47.2 3093598.7782298774
-45.95 3677683.2371715503
-42.5 6077939.617069992
-37.5 10678854.063483335
-32.5 14915979.89324064
-27.5 18928633.32969074
-22.5 22488180.552295383
-17.5 25742400.114638068
-12.5 28295124.914577767
-7.5 29949300.469626654
-2.5 30598353.533348296
2.5 30197335.45376257
7.5 28785730.945171643
12.5 26476351.68028152
17.5 23435190.18585992
22.5 19874742.766124047
27.5 16032286.338400107
32.5 12174597.630278798
37.5 8542991.44333951
42.5 5377747.327860645
47.35 2946731.847419711
50.0 1890398.8424254572
50.6 1696947.3054135572
51.2 1515837.4864972825
51.8 1346922.692185196
52.4 1189849.3814224193
53.0 1045340.8754404152
53.6 911566.0706433939
54.2 789033.4291866007
54.8 677183.7647863155
55.4 575534.2660219363
56.0 483552.60750792216
56.6 400953.2626343846
57.2 327464.94755119074
57.8 263096.2732426842
58.35 212013.26174375621
58.85 171860.094803792
59.35 137319.29476944343
59.85 108001.15544362938
60.35 83459.96269683348
60.85 63253.71779615818
61.1 54950.94399453769
61.35 46560.10697186477
61.85 33567.462708887084
62.1 28659.71959129229
62.26 25107.188283474858
62.59 19605.69551211728
62.92 14863.670817363329
63.35 10077.237029385757
63.85 6105.805014767765
64.35 3146.1905716867495
64.85 1518.9912481584747
65.35 588.7243648219147
65.85 105.06199342033739
