-66.75 777.0059467186167
-66.25 1089.4623235560264
-65.75 1441.0581668927052
-65.25 2332.6924093658836
-65.0 4228.120249775173
-64.75 4084.9002646270956
-64.25 3758.835590806588
-63.75 553.4437029111482
-63.25 4522.3510729963
-62.75 2990.273070805231
-62.25 2852.0922819255024
-61.75 2755.657031123285
-61.25 17498.327310600926
-60.75 17704.20156085814
-60.25 14232.355354780553
-59.75 14395.941144929835
-59.25 14569.273242071502
-58.75 14732.453324555043
-58.25 14916.109348583956
-57.75 10936.059296479358
-57.25 12110.330153488667
-56.75 12189.615413037642
-56.25 8802.99645571669
-55.75 23955.83360378155
-55.0 25515.033242713802
-54.0 26563.443633033698
-53.0 27562.274344390295
-52.0 26612.668169486344
-51.0 17220.080388392926
-50.25 19037.00736618977
-50.0 18497.250484553966
-49.5 19721.444580590134
-49.0 24508.991764327166
-48.75 25085.28937044791
-48.25 27285.994863701973
-47.75 28215.02498704566
-47.2 32583.975928269487
-45.95 35596.878599163574
-42.5 47133.76397170135
-37.5 64621.93545388191
-32.5 75983.579373975
-27.5 83233.61798362326
-22.5 86289.4417719069
-17.5 86647.83410470042
-12.5 83982.40450175593
-7.5 78599.44433971708
-2.5 71334.52321923498
2.5 64271.52626562811
7.5 60163.4949640035
12.5 60157.94529886713
17.5 62552.1282982486
22.5 64647.91908090868
27.5 64663.87419849328
32.5 61817.206834703866
37.5 55850.49060594094
42.5 46877.13931619576
47.35 35779.39834471001
50.0 28342.323625258763
50.6 26767.545207847517
51.2 25204.10064970399
51.8 23653.280872173564
52.4 22104.122077884178
53.0 20642.660292552402
53.6 19139.758124542685
54.2 17672.256885967705
54.8 16232.247043833499
55.4 14819.633628736885
56.0 13434.042553821782
56.6 12078.820008132747
57.2 10758.795604856268
57.8 9494.505715635529
58.35 8395.597375623009
58.85 7451.836835155726
59.35 6562.86129959246
59.85 5731.038460081779
60.35 4957.524621901518
60.85 4244.007800409595
61.1 3919.230439521355
61.35 3576.407931095717
61.85 2980.7180001039274
62.1 2727.487640700058
62.26 2536.0716406002634
62.59 2211.6744150754384
62.92 1898.277693745556
63.35 1532.6829233453996
63.85 1164.4550265526132
64.35 808.6218544726859
64.85 542.2340351185718
65.35 320.3448607766337
65.85 117.48956120356048
