-65.25 3439.1602008356267
-65.0 5944.654402347875
-64.75 9105.134231117843
-64.25 16696.613572865415
-63.75 26547.198280161712
-63.25 38627.02797063968
-62.75 53187.18274931035
-62.25 70567.51279810701
-61.75 91117.29923082127
-61.25 83307.52571467725
-60.75 143584.69370827102
-60.25 177608.50891956218
-59.75 215703.31664537723
-59.25 261176.36699759017
-58.75 314342.8947219668
-58.25 377164.6355969931
-57.75 450177.44782924815
-57.25 535199.6022299939
-56.75 633506.2624319191
-56.25 746540.8603692314
-55.75 874835.6879443823
-55.0 1106325.4652220155
-54.0 1476304.7730670539
-53.0 1931473.8355822717
-52.0 2479776.7893850333
-51.0 3126852.096887572
-50.25 3666207.640726731
-50.0 3862170.617922561
-49.5 4276026.738715906
-49.0 4720777.3606464565
-48.75 4964345.710179533
-48.25 5454472.588549076
-47.75 5976065.976546162
-47.2 6617773.139777716
-45.95 8341362.551612823
-42.5 14133053.343142757
-37.5 24707569.05514226
-32.5 36853529.56944239
-27.5 49408340.46449827
-22.5 61244901.271489725
-17.5 71536513.94404934
-12.5 79457019.4934977
-7.5 84449261.54602751
-2.5 86355940.18648703
2.5 84973849.45328972
7.5 80544484.2579406
12.5 73407087.34421133
17.5 64066534.43144641
22.5 53264791.43111469
27.5 41743322.11008132
32.5 30340217.38878905
37.5 19973300.568412565
42.5 11396713.594400655
47.35 5402875.05398004
50.0 3157711.032450859
50.6 2762849.832481009
51.2 2402411.060241203
51.8 2075326.1389409218
52.4 1780353.130066799
53.0 1515958.0135982367
53.6 1280783.691797931
54.2 1072989.2887645408
54.8 890744.9303623755
55.4 732208.6090970049
56.0 595490.5545680117
56.6 478718.4267615902
57.2 380224.22269508324
57.8 298120.82160766545
58.35 235844.26753030394
58.85 188586.45352448488
59.35 149264.10908858478
59.85 116897.07197853446
60.35 90573.34230176113
60.85 69419.9298203254
61.1 61441.934428229666
61.35 52159.97799243462
61.85 38888.2877111457
62.1 34605.11132909347
62.26 30533.91848670482
62.59 24767.19362241829
62.92 19651.385684471774
63.35 14144.594627200084
63.85 9348.005426185799
64.35 4835.16760335955
64.85 2522.488361192771
65.35 1076.9525826916044
65.85 228.780280961313
