    88
  2.0000
     8
  0.0000  1.6688     1
  0.1921  1.6805     1
  0.3839  1.6956     1
  0.5754  1.7142     1
  0.7666  1.7365     1
  0.9572  1.7626     1
  1.1473  1.7927     1
  1.1489  1.7940     1
  2.4950
    12
  0.0000  1.5626     1
  0.1867  1.5616     1
  0.3733  1.5679     1
  0.5597  1.5788     1
  0.7459  1.5936     1
  0.9317  1.6119     1
  1.1171  1.6338     1
  1.3020  1.6595     1
  1.4863  1.6897     1
  1.6697  1.7249     1
  1.8517  1.7666     1
  1.9478  1.7940     1
  2.5050
    30
  0.0000  1.5560     1
  0.1875  1.5526     1
  0.3748  1.5615     1
  0.5617  1.5772     1
  0.7483  1.5957     1
  0.9351  1.6133     1
  1.1221  1.6270     1
  1.3093  1.6392     1
  1.4962  1.6546     1
  1.6827  1.6740     1
  1.8693  1.6929     1
  2.0563  1.7073     1
  2.2436  1.7175     1
  2.4310  1.7243     1
  2.6185  1.7206     1
  2.8048  1.6992     1
  2.9893  1.6658     1
  3.1677  1.6086     1
  3.3402  1.5349     1
  3.5077  1.4508     1
  3.6668  1.3516     1
  3.8128  1.2340     1
  3.9477  1.1037     1
  4.0345  1.2239     1
  3.8623  1.3267     1
  3.6891  1.4280     1
  3.5151  1.5278     1
  3.3410  1.6275     1
  3.1674  1.7279     1
  3.0562  1.7940     1
  3.0000
    30
  0.0000  1.4030     1
  0.1910  1.4287     1
  0.3812  1.4597     1
  0.5712  1.4923     1
  0.7610  1.5256     1
  0.9509  1.5590     1
  1.1408  1.5918     1
  1.3310  1.6226     1
  1.5220  1.6484     1
  1.7136  1.6694     1
  1.9054  1.6879     1
  2.0975  1.7042     1
  2.2898  1.7179     1
  2.4823  1.7271     1
  2.6750  1.7251     1
  2.8654  1.6970     1
  3.0524  1.6504     1
  3.2363  1.5930     1
  3.4151  1.5211     1
  3.5881  1.4362     1
  3.7543  1.3387     1
  3.9100  1.2253     1
  4.0543  1.0976     1
  4.1278  1.2178     1
  3.9708  1.3325     1
  3.8138  1.4472     1
  3.6568  1.5619     1
  3.4998  1.6766     1
  3.3428  1.7914     1
  3.3405  1.7940     1
  3.5000
    30
  0.0000  1.1030     1
  0.1662  1.1846     1
  0.3411  1.2611     1
  0.5170  1.3351     1
  0.6942  1.4062     1
  0.8732  1.4724     1
  1.0559  1.5272     1
  1.2420  1.5692     1
  1.4293  1.6059     1
  1.6171  1.6399     1
  1.8055  1.6709     1
  1.9946  1.6964     1
  2.1848  1.7113     1
  2.3756  1.7153     1
  2.5664  1.7125     1
  2.7570  1.7024     1
  2.9466  1.6809     1
  3.1329  1.6403     1
  3.3139  1.5798     1
  3.4911  1.5090     1
  3.6645  1.4293     1
  3.8306  1.3355     1
  3.9864  1.2253     1
  4.1343  1.1048     1
  4.2411  1.2049     1
  4.0924  1.3353     1
  3.9437  1.4658     1
  3.7949  1.5962     1
  3.6462  1.7267     1
  3.5706  1.7940     1
  4.0000
    32
  0.0000  0.8097     1
  0.0477  0.8297     1
  0.1924  0.9521     1
  0.3362  1.0755     1
  0.4905  1.1854     1
  0.6547  1.2798     1
  0.8244  1.3642     1
  0.9978  1.4408     1
  1.1752  1.5070     1
  1.3580  1.5570     1
  1.5435  1.5953     1
  1.7295  1.6318     1
  1.9159  1.6662     1
  2.1031  1.6957     1
  2.2916  1.7151     1
  2.4810  1.7196     1
  2.6703  1.7113     1
  2.8587  1.6918     1
  3.0450  1.6575     1
  3.2291  1.6124     1
  3.4106  1.5580     1
  3.5884  1.4924     1
  3.7604  1.4131     1
  3.9254  1.3199     1
  4.0815  1.2126     1
  4.2276  1.0920     1
  4.3344  1.1921     1
  4.2102  1.3169     1
  4.0859  1.4418     1
  3.9616  1.5667     1
  3.8373  1.6915     1
  3.7363  1.7940     1
  4.5000
    33
  0.0000  0.5165     1
  0.0941  0.5698     1
  0.2120  0.7164     1
  0.3366  0.8574     1
  0.4700  0.9901     1
  0.6154  1.1095     1
  0.7724  1.2131     1
  0.9381  1.3022     1
  1.1089  1.3812     1
  1.2831  1.4523     1
  1.4600  1.5165     1
  1.6399  1.5716     1
  1.8234  1.6131     1
  2.0090  1.6438     1
  2.1955  1.6691     1
  2.3828  1.6876     1
  2.5707  1.6960     1
  2.7588  1.6897     1
  2.9457  1.6682     1
  3.1309  1.6350     1
  3.3149  1.5953     1
  3.4962  1.5454     1
  3.6722  1.4788     1
  3.8431  1.4002     1
  4.0094  1.3121     1
  4.1677  1.2105     1
  4.3143  1.0926     1
  4.4144  1.1994     1
  4.2920  1.3371     1
  4.1694  1.4749     1
  4.0469  1.6127     1
  3.9244  1.7505     1
  3.8866  1.7940     1
  5.0000
    33
  0.0000  0.2165     1
  0.0804  0.2498     1
  0.1885  0.4068     1
  0.3043  0.5581     1
  0.4273  0.7036     1
  0.5590  0.8413     1
  0.6999  0.9696     1
  0.8497  1.0873     1
  1.0070  1.1949     1
  1.1705  1.2927     1
  1.3398  1.3801     1
  1.5146  1.4560     1
  1.6943  1.5193     1
  1.8780  1.5700     1
  2.0646  1.6086     1
  2.2531  1.6362     1
  2.4428  1.6544     1
  2.6332  1.6637     1
  2.8237  1.6638     1
  3.0139  1.6528     1
  3.2028  1.6280     1
  3.3891  1.5877     1
  3.5714  1.5326     1
  3.7499  1.4658     1
  3.9244  1.3893     1
  4.0938  1.3020     1
  4.2554  1.2011     1
  4.4076  1.0865     1
  4.5011  1.2000     1
  4.3796  1.3571     1
  4.2581  1.5143     1
  4.1366  1.6714     1
  4.0427  1.7940     1
  5.5000
    35
  0.0000 -0.0835     1
  0.1067 -0.0168     1
  0.2046  0.1467     1
  0.3123  0.3040     1
  0.4301  0.4539     1
  0.5553  0.5977     1
  0.6862  0.7363     1
  0.8231  0.8690     1
  0.9672  0.9936     1
  1.1193  1.1085     1
  1.2784  1.2135     1
  1.4440  1.3080     1
  1.6160  1.3901     1
  1.7936  1.4592     1
  1.9757  1.5158     1
  2.1606  1.5619     1
  2.3477  1.5988     1
  2.5363  1.6261     1
  2.7263  1.6417     1
  2.9169  1.6416     1
  3.1067  1.6245     1
  3.2948  1.5937     1
  3.4815  1.5552     1
  3.6664  1.5087     1
  3.8481  1.4510     1
  4.0237  1.3770     1
  4.1914  1.2865     1
  4.3521  1.1839     1
  4.5076  1.0737     1
  4.6144  1.1671     1
  4.5129  1.3191     1
  4.4114  1.4713     1
  4.3099  1.6234     1
  4.2084  1.7755     1
  4.2237  1.7940     1
  6.0000
    34
  0.0000 -0.0828     1
  0.2266 -0.0831     1
  0.3437  0.0649     1
  0.4630  0.2111     1
  0.5845  0.3556     1
  0.7091  0.4973     1
  0.8382  0.6350     1
  0.9730  0.7671     1
  1.1144  0.8920     1
  1.2624  1.0091     1
  1.4166  1.1179     1
  1.5764  1.2183     1
  1.7411  1.3104     1
  1.9106  1.3933     1
  2.0848  1.4659     1
  2.2636  1.5261     1
  2.4466  1.5719     1
  2.6329  1.6022     1
  2.8210  1.6164     1
  3.0097  1.6149     1
  3.1978  1.5999     1
  3.3846  1.5733     1
  3.5696  1.5361     1
  3.7522  1.4886     1
  3.9317  1.4304     1
  4.1070  1.3605     1
  4.2764  1.2774     1
  4.4382  1.1803     1
  4.5942  1.0743     1
  4.7143  1.1543     1
  4.6057  1.3415     1
  4.4970  1.5287     1
  4.3884  1.7158     1
  4.4470  1.7940     1
  6.5000
    34
  0.0000 -0.0754     1
  0.1967 -0.0788     1
  0.3933 -0.0821     1
  0.5269  0.0549     1
  0.6622  0.1903     1
  0.7991  0.3241     1
  0.9373  0.4565     1
  1.0766  0.5877     1
  1.2172  0.7177     1
  1.3592  0.8460     1
  1.5035  0.9717     1
  1.6525  1.0918     1
  1.8111  1.1987     1
  1.9799  1.2887     1
  2.1546  1.3669     1
  2.3329  1.4364     1
  2.5146  1.4964     1
  2.6998  1.5448     1
  2.8883  1.5773     1
  3.0792  1.5904     1
  3.2704  1.5847     1
  3.4604  1.5619     1
  3.6483  1.5254     1
  3.8336  1.4777     1
  4.0160  1.4198     1
  4.1948  1.3517     1
  4.3686  1.2717     1
  4.5342  1.1759     1
  4.6876  1.0615     1
  4.8076  1.1348     1
  4.7234  1.3108     1
  4.6392  1.4869     1
  4.5549  1.6629     1
  4.6451  1.7940     1
  7.0000
    36
  0.0000 -0.0814     1
  0.1844 -0.0814     1
  0.3689 -0.0814     1
  0.5533 -0.0814     1
  0.7034  0.0295     1
  0.8494  0.1458     1
  0.9909  0.2675     1
  1.1298  0.3923     1
  1.2681  0.5177     1
  1.4071  0.6423     1
  1.5484  0.7642     1
  1.6931  0.8822     1
  1.8413  0.9956     1
  1.9927  1.1049     1
  2.1472  1.2096     1
  2.3070  1.3059     1
  2.4738  1.3898     1
  2.6479  1.4569     1
  2.8285  1.5035     1
  3.0131  1.5308     1
  3.1994  1.5431     1
  3.3860  1.5430     1
  3.5723  1.5320     1
  3.7575  1.5089     1
  3.9391  1.4662     1
  4.1151  1.4042     1
  4.2884  1.3346     1
  4.4592  1.2593     1
  4.6248  1.1733     1
  4.7742  1.0621     1
  4.9009  1.1288     1
  4.8367  1.2869     1
  4.7724  1.4451     1
  4.7082  1.6033     1
  4.8099  1.7708     1
  4.8228  1.7940     1
  7.5000
    37
  0.0000 -0.0807     1
  0.1800 -0.0807     1
  0.3600 -0.0807     1
  0.5400 -0.0807     1
  0.7199 -0.0807     1
  0.8822  0.0180     1
  1.0411  0.1220     1
  1.1960  0.2319     1
  1.3476  0.3465     1
  1.4968  0.4639     1
  1.6446  0.5833     1
  1.7912  0.7042     1
  1.9369  0.8260     1
  2.0836  0.9466     1
  2.2342  1.0624     1
  2.3908  1.1698     1
  2.5547  1.2658     1
  2.7255  1.3487     1
  2.9022  1.4182     1
  3.0840  1.4734     1
  3.2699  1.5121     1
  3.4588  1.5311     1
  3.6485  1.5265     1
  3.8365  1.4999     1
  4.0211  1.4552     1
  4.2017  1.3964     1
  4.3788  1.3278     1
  4.5519  1.2497     1
  4.7169  1.1557     1
  4.8742  1.0493     1
  4.9876  1.0959     1
  4.9544  1.2078     1
  4.9212  1.3198     1
  4.8880  1.4317     1
  4.8548  1.5437     1
  4.9344  1.7060     1
  4.9766  1.7940     1
  8.0000
    35
  0.0000 -0.0801     1
  0.1787 -0.0790     1
  0.3574 -0.0778     1
  0.5360 -0.0767     1
  0.7147 -0.0756     1
  0.8933 -0.0745     1
  1.0689  0.0058     1
  1.2399  0.0954     1
  1.4055  0.1948     1
  1.5664  0.3017     1
  1.7242  0.4130     1
  1.8799  0.5272     1
  2.0338  0.6440     1
  2.1859  0.7630     1
  2.3373  0.8830     1
  2.4895  1.0017     1
  2.6442  1.1174     1
  2.8027  1.2278     1
  2.9669  1.3293     1
  3.1393  1.4162     1
  3.3221  1.4780     1
  3.5128  1.5064     1
  3.7058  1.5040     1
  3.8973  1.4794     1
  4.0862  1.4396     1
  4.2717  1.3858     1
  4.4530  1.3193     1
  4.6293  1.2405     1
  4.7989  1.1483     1
  4.9608  1.0431     1
  5.0743  1.1165     1
  5.0278  1.3036     1
  4.9814  1.4907     1
  5.0539  1.6591     1
  5.1112  1.7940     1
  8.5000
    37
  0.0000 -0.0794     1
  0.1823 -0.0794     1
  0.3644 -0.0794     1
  0.5466 -0.0794     1
  0.7289 -0.0794     1
  0.9111 -0.0794     1
  1.0932 -0.0794     1
  1.2666 -0.0079     1
  1.4377  0.0685     1
  1.6053  0.1526     1
  1.7685  0.2449     1
  1.9270  0.3450     1
  2.0816  0.4511     1
  2.2328  0.5620     1
  2.3810  0.6769     1
  2.5264  0.7952     1
  2.6707  0.9149     1
  2.8162  1.0332     1
  2.9654  1.1468     1
  3.1210  1.2512     1
  3.2862  1.3397     1
  3.4610  1.4073     1
  3.6429  1.4519     1
  3.8292  1.4719     1
  4.0163  1.4642     1
  4.1999  1.4269     1
  4.3779  1.3683     1
  4.5530  1.3011     1
  4.7253  1.2273     1
  4.8921  1.1417     1
  5.0475  1.0371     1
  5.1542  1.0971     1
  5.1344  1.2674     1
  5.1146  1.4378     1
  5.1796  1.6119     1
  5.2411  1.7872     1
  5.2430  1.7940     1
  9.0000
    37
  0.0000 -0.0787     1
  0.1857 -0.0787     1
  0.3715 -0.0787     1
  0.5572 -0.0787     1
  0.7429 -0.0787     1
  0.9285 -0.0787     1
  1.1142 -0.0787     1
  1.2999 -0.0787     1
  1.4755 -0.0086     1
  1.6507  0.0623     1
  1.8245  0.1371     1
  1.9958  0.2171     1
  2.1641  0.3034     1
  2.3280  0.3977     1
  2.4860  0.5016     1
  2.6378  0.6143     1
  2.7844  0.7337     1
  2.9272  0.8577     1
  3.0683  0.9836     1
  3.2115  1.1071     1
  3.3615  1.2221     1
  3.5217  1.3224     1
  3.6925  1.4032     1
  3.8759  1.4468     1
  4.0647  1.4437     1
  4.2513  1.4135     1
  4.4349  1.3684     1
  4.6153  1.3117     1
  4.7890  1.2374     1
  4.9521  1.1418     1
  5.1142  1.0444     1
  5.2342  1.0910     1
  5.2244  1.2380     1
  5.2145  1.3850     1
  5.2692  1.5663     1
  5.3236  1.7479     1
  5.3369  1.7940     1
  9.5000
    37
  0.0000 -0.0780     1
  0.1877 -0.0780     1
  0.3751 -0.0780     1
  0.5626 -0.0780     1
  0.7500 -0.0780     1
  0.9375 -0.0780     1
  1.1249 -0.0780     1
  1.3125 -0.0780     1
  1.4999 -0.0780     1
  1.6856 -0.0325     1
  1.8682  0.0242     1
  2.0473  0.0912     1
  2.2226  0.1676     1
  2.3936  0.2533     1
  2.5592  0.3490     1
  2.7185  0.4547     1
  2.8718  0.5691     1
  3.0185  0.6917     1
  3.1571  0.8234     1
  3.2887  0.9622     1
  3.4285  1.0925     1
  3.5880  1.1975     1
  3.7620  1.2765     1
  3.9432  1.3376     1
  4.1291  1.3826     1
  4.3186  1.4066     1
  4.5084  1.3893     1
  4.6840  1.3150     1
  4.8533  1.2263     1
  5.0277  1.1477     1
  5.1875  1.0450     1
  5.3075  1.0716     1
  5.3076  1.2052     1
  5.3078  1.3388     1
  5.3619  1.5235     1
  5.4121  1.7093     1
  5.4324  1.7940     1
 10.0000
    36
  0.0000 -0.0774     1
  0.1926 -0.0774     1
  0.3853 -0.0774     1
  0.5779 -0.0774     1
  0.7704 -0.0774     1
  0.9630 -0.0774     1
  1.1556 -0.0774     1
  1.3482 -0.0774     1
  1.5406 -0.0774     1
  1.7332 -0.0774     1
  1.9227 -0.0405     1
  2.1099  0.0072     1
  2.2926  0.0697     1
  2.4703  0.1453     1
  2.6431  0.2316     1
  2.8102  0.3285     1
  2.9700  0.4369     1
  3.1219  0.5561     1
  3.2672  0.6833     1
  3.4093  0.8142     1
  3.5512  0.9452     1
  3.6963  1.0727     1
  3.8475  1.1929     1
  4.0059  1.3034     1
  4.1805  1.3812     1
  4.3736  1.3796     1
  4.5661  1.3652     1
  4.7513  1.3120     1
  4.9274  1.2325     1
  5.0990  1.1440     1
  5.2608  1.0388     1
  5.3808  1.0787     1
  5.3878  1.3059     1
  5.4319  1.4954     1
  5.4752  1.6852     1
  5.4985  1.7940     1
 10.5000
    37
  0.0000 -0.0767     1
  0.1961 -0.0767     1
  0.3920 -0.0767     1
  0.5881 -0.0767     1
  0.7840 -0.0767     1
  0.9801 -0.0767     1
  1.1759 -0.0767     1
  1.3720 -0.0767     1
  1.5679 -0.0767     1
  1.7638 -0.0767     1
  1.9598 -0.0767     1
  2.1428 -0.0479     1
  2.3240 -0.0091     1
  2.5020  0.0422     1
  2.6756  0.1070     1
  2.8433  0.1855     1
  3.0042  0.2775     1
  3.1573  0.3817     1
  3.3040  0.4950     1
  3.4455  0.6146     1
  3.5826  0.7392     1
  3.7155  0.8684     1
  3.8456  1.0003     1
  3.9801  1.1276     1
  4.1305  1.2355     1
  4.2980  1.3142     1
  4.4780  1.3564     1
  4.6625  1.3486     1
  4.8401  1.2968     1
  5.0096  1.2219     1
  5.1731  1.1348     1
  5.3275  1.0327     1
  5.4475  1.0660     1
  5.4477  1.2731     1
  5.4925  1.4650     1
  5.5321  1.6581     1
  5.5554  1.7940     1
 11.0000
    39
  0.0000 -0.0760     1
  0.1846 -0.0760     1
  0.3689 -0.0760     1
  0.5535 -0.0760     1
  0.7379 -0.0760     1
  0.9223 -0.0760     1
  1.1067 -0.0760     1
  1.2911 -0.0760     1
  1.4755 -0.0760     1
  1.6599 -0.0760     1
  1.8444 -0.0760     1
  2.0288 -0.0760     1
  2.2131 -0.0760     1
  2.3971 -0.0634     1
  2.5768 -0.0217     1
  2.7510  0.0394     1
  2.9206  0.1122     1
  3.0861  0.1940     1
  3.2470  0.2844     1
  3.4022  0.3844     1
  3.5497  0.4953     1
  3.6891  0.6162     1
  3.8221  0.7443     1
  3.9512  0.8762     1
  4.0807  1.0078     1
  4.2168  1.1324     1
  4.3657  1.2412     1
  4.5350  1.3129     1
  4.7185  1.3223     1
  4.8988  1.2838     1
  5.0692  1.2134     1
  5.2309  1.1244     1
  5.3874  1.0267     1
  5.5008  1.0533     1
  5.5143  1.2336     1
  5.5435  1.4147     1
  5.5712  1.5959     1
  5.5963  1.7775     1
  5.5982  1.7940     1
 11.5000
    39
  0.0000 -0.0753     1
  0.1874 -0.0753     1
  0.3745 -0.0753     1
  0.5617 -0.0753     1
  0.7488 -0.0753     1
  0.9359 -0.0753     1
  1.1232 -0.0753     1
  1.3102 -0.0753     1
  1.4973 -0.0753     1
  1.6846 -0.0753     1
  1.8717 -0.0753     1
  2.0588 -0.0753     1
  2.2460 -0.0753     1
  2.4331 -0.0753     1
  2.6171 -0.0517     1
  2.7999 -0.0199     1
  2.9796  0.0264     1
  3.1538  0.0900     1
  3.3207  0.1710     1
  3.4802  0.2657     1
  3.6323  0.3720     1
  3.7765  0.4887     1
  3.9127  0.6147     1
  4.0430  0.7468     1
  4.1706  0.8816     1
  4.3002  1.0143     1
  4.4390  1.1373     1
  4.5954  1.2364     1
  4.7739  1.2834     1
  4.9581  1.2679     1
  5.1325  1.2056     1
  5.2940  1.1145     1
  5.4541  1.0206     1
  5.5541  1.0673     1
  5.5676  1.1942     1
  5.5913  1.3789     1
  5.6122  1.5640     1
  5.6301  1.7495     1
  5.6337  1.7940     1
 12.0000
    39
  0.0000 -0.0746     1
  0.1896 -0.0746     1
  0.3792 -0.0746     1
  0.5688 -0.0746     1
  0.7581 -0.0746     1
  0.9478 -0.0746     1
  1.1372 -0.0746     1
  1.3268 -0.0746     1
  1.5162 -0.0746     1
  1.7058 -0.0746     1
  1.8952 -0.0746     1
  2.0847 -0.0746     1
  2.2742 -0.0746     1
  2.4637 -0.0746     1
  2.6531 -0.0746     1
  2.8369 -0.0469     1
  3.0201 -0.0148     1
  3.2014  0.0268     1
  3.3787  0.0826     1
  3.5482  0.1586     1
  3.7069  0.2554     1
  3.8544  0.3685     1
  3.9932  0.4922     1
  4.1267  0.6218     1
  4.2572  0.7542     1
  4.3869  0.8875     1
  4.5186  1.0187     1
  4.6603  1.1389     1
  4.8223  1.2296     1
  5.0042  1.2495     1
  5.1785  1.1861     1
  5.3436  1.1005     1
  5.5007  1.0012     1
  5.6008  1.0947     1
  5.6076  1.1615     1
  5.6265  1.3493     1
  5.6441  1.5374     1
  5.6591  1.7256     1
  5.6635  1.7940     1
 13.0000
    37
  0.0000 -0.0733     1
  0.1938 -0.0733     1
  0.3875 -0.0733     1
  0.5813 -0.0733     1
  0.7752 -0.0733     1
  0.9689 -0.0733     1
  1.1626 -0.0733     1
  1.3562 -0.0733     1
  1.5500 -0.0733     1
  1.7436 -0.0733     1
  1.9375 -0.0733     1
  2.1312 -0.0733     1
  2.3249 -0.0733     1
  2.5185 -0.0733     1
  2.7124 -0.0733     1
  2.9060 -0.0733     1
  3.0997 -0.0733     1
  3.2930 -0.0553     1
  3.4847 -0.0250     1
  3.6717  0.0266     1
  3.8501  0.1030     1
  4.0174  0.2013     1
  4.1755  0.3139     1
  4.3257  0.4370     1
  4.4686  0.5684     1
  4.6043  0.7071     1
  4.7343  0.8514     1
  4.8677  0.9923     1
  5.0204  1.1119     1
  5.2032  1.1589     1
  5.3835  1.0886     1
  5.5541  0.9958     1
  5.6675  1.0959     1
  5.6821  1.2895     1
  5.6910  1.4835     1
  5.6960  1.6777     1
  5.6977  1.7940     1
 14.0000
    38
  0.0000 -0.0719     1
  0.1893 -0.0719     1
  0.3785 -0.0719     1
  0.5676 -0.0719     1
  0.7566 -0.0719     1
  0.9457 -0.0719     1
  1.1349 -0.0719     1
  1.3240 -0.0719     1
  1.5129 -0.0719     1
  1.7022 -0.0719     1
  1.8911 -0.0719     1
  2.0802 -0.0719     1
  2.2693 -0.0719     1
  2.4586 -0.0719     1
  2.6476 -0.0719     1
  2.8367 -0.0719     1
  3.0257 -0.0719     1
  3.2149 -0.0719     1
  3.4040 -0.0719     1
  3.5930 -0.0719     1
  3.7811 -0.0535     1
  3.9668 -0.0180     1
  4.1451  0.0441     1
  4.3131  0.1307     1
  4.4713  0.2341     1
  4.6188  0.3522     1
  4.7522  0.4862     1
  4.8738  0.6309     1
  4.9937  0.7772     1
  5.1228  0.9151     1
  5.2660  1.0380     1
  5.4488  1.0482     1
  5.6207  0.9704     1
  5.7050  1.0705     1
  5.7050  1.2668     1
  5.7050  1.4632     1
  5.7050  1.6596     1
  5.7050  1.7940     1
 15.0000
    39
  0.0000 -0.0706     1
  0.1857 -0.0706     1
  0.3710 -0.0706     1
  0.5565 -0.0706     1
  0.7420 -0.0706     1
  0.9274 -0.0706     1
  1.1127 -0.0706     1
  1.2981 -0.0706     1
  1.4835 -0.0706     1
  1.6691 -0.0706     1
  1.8546 -0.0706     1
  2.0400 -0.0706     1
  2.2254 -0.0706     1
  2.4108 -0.0706     1
  2.5963 -0.0706     1
  2.7816 -0.0706     1
  2.9672 -0.0706     1
  3.1525 -0.0706     1
  3.3380 -0.0706     1
  3.5234 -0.0706     1
  3.7089 -0.0706     1
  3.8943 -0.0706     1
  4.0796 -0.0706     1
  4.2721 -0.0448     1
  4.4589  0.0076     1
  4.6326  0.0938     1
  4.7923  0.2043     1
  4.9362  0.3345     1
  5.0552  0.4877     1
  5.1613  0.6504     1
  5.2681  0.8126     1
  5.4014  0.9510     1
  5.5874  0.9717     1
  5.7050  1.0451     1
  5.7050  1.2284     1
  5.7050  1.4117     1
  5.7050  1.5950     1
  5.7050  1.7784     1
  5.7050  1.7940     1
 16.0000
    39
  0.0000 -0.0692     1
  0.1884 -0.0692     1
  0.3764 -0.0692     1
  0.5643 -0.0692     1
  0.7525 -0.0692     1
  0.9404 -0.0692     1
  1.1285 -0.0692     1
  1.3166 -0.0692     1
  1.5044 -0.0692     1
  1.6925 -0.0692     1
  1.8806 -0.0692     1
  2.0687 -0.0692     1
  2.2567 -0.0692     1
  2.4446 -0.0692     1
  2.6327 -0.0692     1
  2.8208 -0.0692     1
  3.0088 -0.0692     1
  3.1968 -0.0692     1
  3.3849 -0.0692     1
  3.5727 -0.0692     1
  3.7608 -0.0692     1
  3.9489 -0.0692     1
  4.1369 -0.0692     1
  4.3250 -0.0692     1
  4.5129 -0.0692     1
  4.7074 -0.0299     1
  4.8966  0.0291     1
  5.0648  0.1329     1
  5.1970  0.2803     1
  5.2973  0.4513     1
  5.3783  0.6324     1
  5.4605  0.8129     1
  5.6273  0.9464     1
  5.7050  1.0465     1
  5.7050  1.2297     1
  5.7050  1.4131     1
  5.7050  1.5964     1
  5.7050  1.7797     1
  5.7050  1.7940     1
 17.0000
    40
  0.0000 -0.0679     1
  0.1928 -0.0679     1
  0.3853 -0.0679     1
  0.5778 -0.0679     1
  0.7704 -0.0679     1
  0.9628 -0.0679     1
  1.1553 -0.0679     1
  1.3479 -0.0679     1
  1.5403 -0.0679     1
  1.7327 -0.0679     1
  1.9254 -0.0679     1
  2.1179 -0.0679     1
  2.3104 -0.0679     1
  2.5029 -0.0679     1
  2.6953 -0.0679     1
  2.8880 -0.0679     1
  3.0803 -0.0679     1
  3.2729 -0.0679     1
  3.4654 -0.0679     1
  3.6578 -0.0679     1
  3.8504 -0.0679     1
  4.0428 -0.0679     1
  4.2353 -0.0679     1
  4.4280 -0.0679     1
  4.6204 -0.0679     1
  4.8129 -0.0679     1
  5.0022 -0.0395     1
  5.1822  0.0245     1
  5.3368  0.1363     1
  5.4443  0.2938     1
  5.5085  0.4740     1
  5.5499  0.6610     1
  5.5939  0.8475     1
  5.6473  0.9276     1
  5.7050  1.0010     1
  5.7050  1.1879     1
  5.7050  1.3748     1
  5.7050  1.5617     1
  5.7050  1.7487     1
  5.7050  1.7940     1
 17.4950
    40
  0.0000 -0.0672     1
  0.1878 -0.0672     1
  0.3755 -0.0672     1
  0.5632 -0.0672     1
  0.7509 -0.0672     1
  0.9385 -0.0672     1
  1.1262 -0.0672     1
  1.3139 -0.0672     1
  1.5016 -0.0672     1
  1.6892 -0.0672     1
  1.8768 -0.0672     1
  2.0646 -0.0672     1
  2.2521 -0.0672     1
  2.4399 -0.0672     1
  2.6276 -0.0672     1
  2.8153 -0.0672     1
  3.0029 -0.0672     1
  3.1905 -0.0672     1
  3.3783 -0.0672     1
  3.5659 -0.0672     1
  3.7535 -0.0672     1
  3.9412 -0.0672     1
  4.1289 -0.0672     1
  4.3165 -0.0672     1
  4.5043 -0.0672     1
  4.6919 -0.0672     1
  4.8795 -0.0672     1
  5.0723 -0.0198     1
  5.2592  0.0462     1
  5.4167  0.1643     1
  5.5098  0.3385     1
  5.5641  0.5293     1
  5.6073  0.7231     1
  5.6539  0.9149     1
  5.7050  0.9750     1
  5.7050  1.1639     1
  5.7050  1.3529     1
  5.7050  1.5419     1
  5.7050  1.7309     1
  5.7050  1.7940     1
 17.5100
    41
  0.0000 -0.0672     1
  0.1880 -0.0672     1
  0.3758 -0.0672     1
  0.5636 -0.0672     1
  0.7515 -0.0672     1
  0.9394 -0.0672     1
  1.1273 -0.0672     1
  1.3151 -0.0672     1
  1.5029 -0.0672     1
  1.6908 -0.0672     1
  1.8786 -0.0672     1
  2.0665 -0.0672     1
  2.2544 -0.0672     1
  2.4422 -0.0672     1
  2.6300 -0.0672     1
  2.8179 -0.0672     1
  3.0058 -0.0672     1
  3.1936 -0.0672     1
  3.3815 -0.0672     1
  3.5693 -0.0672     1
  3.7572 -0.0672     1
  3.9450 -0.0672     1
  3.9450  0.1328     1
  3.9450  0.3328     1
  3.9450  0.5328     1
  3.9450  0.7328     1
  3.9450  0.9328     1
  3.9450  1.1328     1
  4.1236  1.1328     1
  4.3021  1.1328     1
  4.4807  1.1328     1
  4.6593  1.1328     1
  4.8379  1.1328     1
  5.0164  1.1328     1
  5.1950  1.1328     1
  5.3650  1.1778     1
  5.5350  1.2228     1
  5.7050  1.2678     1
  5.7050  1.4645     1
  5.7050  1.6612     1
  5.7050  1.7940     1
 18.4901
    41
  0.0000 -0.0658     1
  0.1880 -0.0658     1
  0.3758 -0.0658     1
  0.5636 -0.0658     1
  0.7515 -0.0658     1
  0.9394 -0.0658     1
  1.1273 -0.0658     1
  1.3151 -0.0658     1
  1.5029 -0.0658     1
  1.6908 -0.0658     1
  1.8786 -0.0658     1
  2.0665 -0.0658     1
  2.2544 -0.0658     1
  2.4422 -0.0658     1
  2.6300 -0.0658     1
  2.8179 -0.0658     1
  3.0058 -0.0658     1
  3.1936 -0.0658     1
  3.3815 -0.0658     1
  3.5693 -0.0658     1
  3.7572 -0.0658     1
  3.9450 -0.0658     1
  3.9450  0.1342     1
  3.9450  0.3342     1
  3.9450  0.5342     1
  3.9450  0.7342     1
  3.9450  0.9342     1
  3.9450  1.1342     1
  4.1236  1.1342     1
  4.3021  1.1342     1
  4.4807  1.1342     1
  4.6593  1.1342     1
  4.8379  1.1342     1
  5.0164  1.1342     1
  5.1950  1.1342     1
  5.3650  1.1792     1
  5.5350  1.2242     1
  5.7050  1.2692     1
  5.7050  1.4659     1
  5.7050  1.6626     1
  5.7050  1.7940     1
 18.5050
    40
  0.0000 -0.0658     1
  0.1908 -0.0658     1
  0.3815 -0.0658     1
  0.5723 -0.0657     1
  0.7631 -0.0657     1
  0.9538 -0.0657     1
  1.1445 -0.0657     1
  1.3353 -0.0656     1
  1.5260 -0.0656     1
  1.7167 -0.0656     1
  1.9074 -0.0656     1
  2.0982 -0.0656     1
  2.2889 -0.0655     1
  2.4797 -0.0655     1
  2.6704 -0.0655     1
  2.8611 -0.0655     1
  3.0519 -0.0654     1
  3.2426 -0.0654     1
  3.4334 -0.0654     1
  3.6241 -0.0654     1
  3.8149 -0.0654     1
  4.0056 -0.0653     1
  4.1963 -0.0653     1
  4.3871 -0.0653     1
  4.5778 -0.0653     1
  4.7686 -0.0653     1
  4.9593 -0.0652     1
  5.1500 -0.0652     1
  5.3362 -0.0220     1
  5.4907  0.0850     1
  5.6170  0.2262     1
  5.6640  0.4109     1
  5.6840  0.6011     1
  5.6959  0.7920     1
  5.7050  0.9831     1
  5.7050  1.1715     1
  5.7050  1.3600     1
  5.7050  1.5485     1
  5.7050  1.7370     1
  5.7050  1.7940     1
 19.0000
    40
  0.0000 -0.0652     1
  0.1919 -0.0652     1
  0.3836 -0.0652     1
  0.5753 -0.0652     1
  0.7671 -0.0652     1
  0.9589 -0.0651     1
  1.1506 -0.0651     1
  1.3424 -0.0651     1
  1.5342 -0.0651     1
  1.7259 -0.0651     1
  1.9176 -0.0651     1
  2.1094 -0.0651     1
  2.3011 -0.0651     1
  2.4929 -0.0651     1
  2.6847 -0.0650     1
  2.8764 -0.0650     1
  3.0682 -0.0650     1
  3.2599 -0.0650     1
  3.4517 -0.0650     1
  3.6435 -0.0650     1
  3.8352 -0.0650     1
  4.0270 -0.0650     1
  4.2187 -0.0650     1
  4.4105 -0.0649     1
  4.6022 -0.0649     1
  4.7940 -0.0649     1
  4.9857 -0.0649     1
  5.1775 -0.0649     1
  5.3523 -0.0345     1
  5.5030  0.0562     1
  5.6227  0.1840     1
  5.6653  0.3560     1
  5.6867  0.5323     1
  5.7025  0.7092     1
  5.7025  0.9038     1
  5.7026  1.0984     1
  5.7026  1.2930     1
  5.7026  1.4877     1
  5.7026  1.6823     1
  5.7026  1.7940     1
 19.5000
    40
  0.0000 -0.0645     1
  0.1929 -0.0645     1
  0.3857 -0.0645     1
  0.5784 -0.0645     1
  0.7712 -0.0645     1
  0.9639 -0.0645     1
  1.1567 -0.0645     1
  1.3495 -0.0645     1
  1.5423 -0.0645     1
  1.7351 -0.0645     1
  1.9278 -0.0645     1
  2.1206 -0.0645     1
  2.3134 -0.0645     1
  2.5061 -0.0645     1
  2.6990 -0.0645     1
  2.8918 -0.0645     1
  3.0845 -0.0645     1
  3.2773 -0.0645     1
  3.4701 -0.0645     1
  3.6628 -0.0645     1
  3.8556 -0.0645     1
  4.0484 -0.0645     1
  4.2411 -0.0645     1
  4.4339 -0.0645     1
  4.6267 -0.0645     1
  4.8195 -0.0645     1
  5.0123 -0.0645     1
  5.2050 -0.0645     1
  5.4033 -0.0387     1
  5.5701  0.0699     1
  5.6778  0.2376     1
  5.7000  0.4355     1
  5.7001  0.6229     1
  5.7001  0.8103     1
  5.7001  0.9978     1
  5.7001  1.1852     1
  5.7002  1.3727     1
  5.7002  1.5601     1
  5.7002  1.7475     1
  5.7002  1.7940     1
 20.0000
    40
  0.0000 -0.0638     1
  0.1929 -0.0638     1
  0.3857 -0.0638     1
  0.5784 -0.0638     1
  0.7712 -0.0638     1
  0.9639 -0.0638     1
  1.1567 -0.0638     1
  1.3495 -0.0638     1
  1.5423 -0.0638     1
  1.7351 -0.0638     1
  1.9279 -0.0638     1
  2.1206 -0.0638     1
  2.3134 -0.0638     1
  2.5061 -0.0638     1
  2.6990 -0.0638     1
  2.8918 -0.0638     1
  3.0845 -0.0638     1
  3.2773 -0.0638     1
  3.4701 -0.0638     1
  3.6628 -0.0638     1
  3.8556 -0.0638     1
  4.0484 -0.0638     1
  4.2411 -0.0638     1
  4.4339 -0.0638     1
  4.6267 -0.0638     1
  4.8195 -0.0638     1
  5.0123 -0.0638     1
  5.2050 -0.0638     1
  5.4033 -0.0380     1
  5.5701  0.0706     1
  5.6778  0.2383     1
  5.7000  0.4362     1
  5.7001  0.6236     1
  5.7001  0.8111     1
  5.7001  0.9985     1
  5.7001  1.1859     1
  5.7002  1.3733     1
  5.7002  1.5608     1
  5.7002  1.7483     1
  5.7002  1.7940     1
 20.6000
    40
  0.0000 -0.0630     1
  0.1929 -0.0630     1
  0.3857 -0.0630     1
  0.5784 -0.0630     1
  0.7712 -0.0630     1
  0.9639 -0.0630     1
  1.1567 -0.0630     1
  1.3495 -0.0630     1
  1.5423 -0.0630     1
  1.7351 -0.0630     1
  1.9279 -0.0630     1
  2.1207 -0.0630     1
  2.3134 -0.0630     1
  2.5062 -0.0630     1
  2.6990 -0.0630     1
  2.8918 -0.0630     1
  3.0845 -0.0630     1
  3.2773 -0.0630     1
  3.4701 -0.0630     1
  3.6628 -0.0630     1
  3.8556 -0.0630     1
  4.0484 -0.0630     1
  4.2411 -0.0630     1
  4.4339 -0.0630     1
  4.6267 -0.0630     1
  4.8195 -0.0630     1
  5.0123 -0.0630     1
  5.2050 -0.0630     1
  5.4033 -0.0372     1
  5.5701  0.0714     1
  5.6778  0.2391     1
  5.7000  0.4370     1
  5.7001  0.6244     1
  5.7001  0.8118     1
  5.7001  0.9993     1
  5.7001  1.1867     1
  5.7002  1.3742     1
  5.7002  1.5616     1
  5.7002  1.7490     1
  5.7002  1.7940     1
 22.5000
    40
  0.0000 -0.0604     1
  0.1929 -0.0604     1
  0.3857 -0.0604     1
  0.5784 -0.0604     1
  0.7712 -0.0604     1
  0.9639 -0.0604     1
  1.1567 -0.0604     1
  1.3495 -0.0604     1
  1.5423 -0.0604     1
  1.7351 -0.0604     1
  1.9279 -0.0604     1
  2.1207 -0.0604     1
  2.3134 -0.0604     1
  2.5062 -0.0604     1
  2.6989 -0.0604     1
  2.8917 -0.0604     1
  3.0845 -0.0604     1
  3.2772 -0.0604     1
  3.4701 -0.0604     1
  3.6629 -0.0604     1
  3.8556 -0.0604     1
  4.0484 -0.0604     1
  4.2412 -0.0604     1
  4.4339 -0.0604     1
  4.6267 -0.0604     1
  4.8195 -0.0604     1
  5.0122 -0.0604     1
  5.2050 -0.0604     1
  5.4033 -0.0346     1
  5.5701  0.0740     1
  5.6778  0.2417     1
  5.7000  0.4396     1
  5.7001  0.6270     1
  5.7001  0.8144     1
  5.7001  1.0019     1
  5.7001  1.1893     1
  5.7002  1.3767     1
  5.7002  1.5642     1
  5.7002  1.7516     1
  5.7002  1.7940     1
 27.5000
    40
  0.0000 -0.0536     1
  0.1929 -0.0536     1
  0.3857 -0.0536     1
  0.5784 -0.0536     1
  0.7712 -0.0536     1
  0.9639 -0.0536     1
  1.1567 -0.0536     1
  1.3495 -0.0536     1
  1.5423 -0.0536     1
  1.7351 -0.0536     1
  1.9279 -0.0536     1
  2.1207 -0.0536     1
  2.3134 -0.0536     1
  2.5062 -0.0536     1
  2.6989 -0.0536     1
  2.8917 -0.0536     1
  3.0845 -0.0536     1
  3.2772 -0.0536     1
  3.4701 -0.0536     1
  3.6629 -0.0536     1
  3.8556 -0.0536     1
  4.0484 -0.0536     1
  4.2412 -0.0536     1
  4.4339 -0.0536     1
  4.6267 -0.0536     1
  4.8195 -0.0536     1
  5.0122 -0.0536     1
  5.2050 -0.0536     1
  5.4033 -0.0278     1
  5.5701  0.0808     1
  5.6778  0.2485     1
  5.7000  0.4464     1
  5.7001  0.6338     1
  5.7001  0.8212     1
  5.7001  1.0087     1
  5.7001  1.1961     1
  5.7002  1.3835     1
  5.7002  1.5710     1
  5.7002  1.7584     1
  5.7002  1.7940     1
 32.5000
    40
  0.0000 -0.0469     1
  0.1929 -0.0469     1
  0.3857 -0.0469     1
  0.5784 -0.0469     1
  0.7712 -0.0469     1
  0.9639 -0.0469     1
  1.1567 -0.0469     1
  1.3495 -0.0469     1
  1.5423 -0.0469     1
  1.7351 -0.0469     1
  1.9279 -0.0469     1
  2.1207 -0.0469     1
  2.3134 -0.0469     1
  2.5062 -0.0469     1
  2.6989 -0.0469     1
  2.8917 -0.0469     1
  3.0845 -0.0469     1
  3.2772 -0.0469     1
  3.4701 -0.0469     1
  3.6629 -0.0469     1
  3.8556 -0.0469     1
  4.0484 -0.0469     1
  4.2412 -0.0469     1
  4.4339 -0.0469     1
  4.6267 -0.0469     1
  4.8195 -0.0469     1
  5.0122 -0.0469     1
  5.2050 -0.0469     1
  5.4033 -0.0211     1
  5.5701  0.0875     1
  5.6778  0.2552     1
  5.7000  0.4531     1
  5.7001  0.6405     1
  5.7001  0.8279     1
  5.7001  1.0154     1
  5.7001  1.2028     1
  5.7002  1.3902     1
  5.7002  1.5777     1
  5.7002  1.7651     1
  5.7002  1.7940     1
 37.5000
    40
  0.0000 -0.0401     1
  0.1929 -0.0401     1
  0.3857 -0.0401     1
  0.5784 -0.0401     1
  0.7712 -0.0401     1
  0.9639 -0.0401     1
  1.1567 -0.0401     1
  1.3495 -0.0401     1
  1.5423 -0.0401     1
  1.7351 -0.0401     1
  1.9279 -0.0401     1
  2.1207 -0.0401     1
  2.3134 -0.0401     1
  2.5062 -0.0401     1
  2.6989 -0.0401     1
  2.8917 -0.0401     1
  3.0845 -0.0401     1
  3.2772 -0.0401     1
  3.4701 -0.0401     1
  3.6629 -0.0401     1
  3.8556 -0.0401     1
  4.0484 -0.0401     1
  4.2412 -0.0401     1
  4.4339 -0.0401     1
  4.6267 -0.0401     1
  4.8195 -0.0401     1
  5.0122 -0.0401     1
  5.2050 -0.0401     1
  5.4033 -0.0143     1
  5.5701  0.0943     1
  5.6778  0.2620     1
  5.7000  0.4599     1
  5.7001  0.6473     1
  5.7001  0.8347     1
  5.7001  1.0222     1
  5.7001  1.2096     1
  5.7002  1.3970     1
  5.7002  1.5845     1
  5.7002  1.7719     1
  5.7002  1.7940     1
 42.5000
    40
  0.0000 -0.0333     1
  0.1929 -0.0333     1
  0.3857 -0.0333     1
  0.5784 -0.0333     1
  0.7712 -0.0333     1
  0.9639 -0.0333     1
  1.1567 -0.0333     1
  1.3495 -0.0333     1
  1.5423 -0.0333     1
  1.7351 -0.0333     1
  1.9279 -0.0333     1
  2.1207 -0.0333     1
  2.3134 -0.0333     1
  2.5062 -0.0333     1
  2.6989 -0.0333     1
  2.8917 -0.0333     1
  3.0845 -0.0333     1
  3.2772 -0.0333     1
  3.4701 -0.0333     1
  3.6629 -0.0333     1
  3.8556 -0.0333     1
  4.0484 -0.0333     1
  4.2412 -0.0333     1
  4.4339 -0.0333     1
  4.6267 -0.0333     1
  4.8195 -0.0333     1
  5.0122 -0.0333     1
  5.2050 -0.0333     1
  5.4033 -0.0075     1
  5.5701  0.1011     1
  5.6778  0.2688     1
  5.7000  0.4667     1
  5.7001  0.6541     1
  5.7001  0.8415     1
  5.7001  1.0290     1
  5.7001  1.2164     1
  5.7002  1.4038     1
  5.7002  1.5913     1
  5.7002  1.7787     1
  5.7002  1.7940     1
 47.5000
    40
  0.0000 -0.0265     1
  0.1929 -0.0265     1
  0.3857 -0.0265     1
  0.5784 -0.0265     1
  0.7712 -0.0265     1
  0.9639 -0.0265     1
  1.1567 -0.0265     1
  1.3495 -0.0265     1
  1.5423 -0.0265     1
  1.7351 -0.0265     1
  1.9279 -0.0265     1
  2.1207 -0.0265     1
  2.3134 -0.0265     1
  2.5062 -0.0265     1
  2.6989 -0.0265     1
  2.8917 -0.0265     1
  3.0845 -0.0265     1
  3.2772 -0.0265     1
  3.4701 -0.0265     1
  3.6629 -0.0265     1
  3.8556 -0.0265     1
  4.0484 -0.0265     1
  4.2412 -0.0265     1
  4.4339 -0.0265     1
  4.6267 -0.0265     1
  4.8195 -0.0265     1
  5.0122 -0.0265     1
  5.2050 -0.0265     1
  5.4033 -0.0007     1
  5.5701  0.1079     1
  5.6778  0.2756     1
  5.7000  0.4735     1
  5.7001  0.6609     1
  5.7001  0.8483     1
  5.7001  1.0358     1
  5.7001  1.2232     1
  5.7002  1.4106     1
  5.7002  1.5981     1
  5.7002  1.7855     1
  5.7002  1.7940     1
 52.5000
    40
  0.0000 -0.0197     1
  0.1929 -0.0197     1
  0.3857 -0.0197     1
  0.5784 -0.0197     1
  0.7712 -0.0197     1
  0.9639 -0.0197     1
  1.1567 -0.0197     1
  1.3495 -0.0197     1
  1.5423 -0.0197     1
  1.7351 -0.0197     1
  1.9279 -0.0197     1
  2.1207 -0.0197     1
  2.3134 -0.0197     1
  2.5062 -0.0197     1
  2.6989 -0.0197     1
  2.8917 -0.0197     1
  3.0845 -0.0197     1
  3.2772 -0.0197     1
  3.4701 -0.0197     1
  3.6629 -0.0197     1
  3.8556 -0.0197     1
  4.0484 -0.0197     1
  4.2412 -0.0197     1
  4.4339 -0.0197     1
  4.6267 -0.0197     1
  4.8195 -0.0197     1
  5.0122 -0.0197     1
  5.2050 -0.0197     1
  5.4033  0.0061     1
  5.5701  0.1147     1
  5.6778  0.2824     1
  5.7000  0.4803     1
  5.7001  0.6677     1
  5.7001  0.8551     1
  5.7001  1.0426     1
  5.7001  1.2300     1
  5.7002  1.4174     1
  5.7002  1.6049     1
  5.7002  1.7923     1
  5.7002  1.7940     1
 57.5000
    39
  0.0000 -0.0130     1
  0.1929 -0.0130     1
  0.3857 -0.0130     1
  0.5784 -0.0130     1
  0.7712 -0.0130     1
  0.9639 -0.0130     1
  1.1567 -0.0130     1
  1.3495 -0.0130     1
  1.5423 -0.0130     1
  1.7351 -0.0130     1
  1.9279 -0.0130     1
  2.1207 -0.0130     1
  2.3134 -0.0130     1
  2.5062 -0.0130     1
  2.6989 -0.0130     1
  2.8917 -0.0130     1
  3.0845 -0.0130     1
  3.2772 -0.0130     1
  3.4701 -0.0130     1
  3.6629 -0.0130     1
  3.8556 -0.0130     1
  4.0484 -0.0130     1
  4.2412 -0.0130     1
  4.4339 -0.0130     1
  4.6267 -0.0130     1
  4.8195 -0.0130     1
  5.0122 -0.0130     1
  5.2050 -0.0130     1
  5.4033  0.0128     1
  5.5701  0.1214     1
  5.6778  0.2891     1
  5.7000  0.4870     1
  5.7001  0.6744     1
  5.7001  0.8618     1
  5.7001  1.0493     1
  5.7001  1.2367     1
  5.7002  1.4241     1
  5.7002  1.6116     1
  5.7002  1.7940     1
 62.5000
    39
  0.0000 -0.0062     1
  0.1929 -0.0062     1
  0.3857 -0.0062     1
  0.5784 -0.0062     1
  0.7712 -0.0062     1
  0.9639 -0.0062     1
  1.1567 -0.0062     1
  1.3495 -0.0062     1
  1.5423 -0.0062     1
  1.7351 -0.0062     1
  1.9279 -0.0062     1
  2.1207 -0.0062     1
  2.3134 -0.0062     1
  2.5062 -0.0062     1
  2.6989 -0.0062     1
  2.8917 -0.0062     1
  3.0845 -0.0062     1
  3.2772 -0.0062     1
  3.4701 -0.0062     1
  3.6629 -0.0062     1
  3.8556 -0.0062     1
  4.0484 -0.0062     1
  4.2412 -0.0062     1
  4.4339 -0.0062     1
  4.6267 -0.0062     1
  4.8195 -0.0062     1
  5.0122 -0.0062     1
  5.2050 -0.0062     1
  5.4033  0.0196     1
  5.5701  0.1282     1
  5.6778  0.2959     1
  5.7000  0.4938     1
  5.7001  0.6812     1
  5.7001  0.8686     1
  5.7001  1.0561     1
  5.7001  1.2435     1
  5.7002  1.4309     1
  5.7002  1.6184     1
  5.7002  1.7940     1
 67.5000
    39
  0.0000  0.0006     1
  0.1929  0.0006     1
  0.3857  0.0006     1
  0.5784  0.0006     1
  0.7712  0.0006     1
  0.9639  0.0006     1
  1.1567  0.0006     1
  1.3495  0.0006     1
  1.5423  0.0006     1
  1.7351  0.0006     1
  1.9279  0.0006     1
  2.1207  0.0006     1
  2.3134  0.0006     1
  2.5062  0.0006     1
  2.6989  0.0006     1
  2.8917  0.0006     1
  3.0845  0.0006     1
  3.2772  0.0006     1
  3.4701  0.0006     1
  3.6629  0.0006     1
  3.8556  0.0006     1
  4.0484  0.0006     1
  4.2412  0.0006     1
  4.4339  0.0006     1
  4.6267  0.0006     1
  4.8195  0.0006     1
  5.0122  0.0006     1
  5.2050  0.0006     1
  5.4033  0.0264     1
  5.5701  0.1350     1
  5.6778  0.3027     1
  5.7000  0.5006     1
  5.7001  0.6880     1
  5.7001  0.8754     1
  5.7001  1.0629     1
  5.7001  1.2503     1
  5.7002  1.4377     1
  5.7002  1.6252     1
  5.7002  1.7940     1
 72.5000
    39
  0.0000  0.0074     1
  0.1929  0.0074     1
  0.3857  0.0074     1
  0.5784  0.0074     1
  0.7712  0.0074     1
  0.9639  0.0074     1
  1.1567  0.0074     1
  1.3495  0.0074     1
  1.5423  0.0074     1
  1.7351  0.0074     1
  1.9279  0.0074     1
  2.1207  0.0074     1
  2.3134  0.0074     1
  2.5062  0.0074     1
  2.6989  0.0074     1
  2.8917  0.0074     1
  3.0845  0.0074     1
  3.2772  0.0074     1
  3.4701  0.0074     1
  3.6629  0.0074     1
  3.8556  0.0074     1
  4.0484  0.0074     1
  4.2412  0.0074     1
  4.4339  0.0074     1
  4.6267  0.0074     1
  4.8195  0.0074     1
  5.0122  0.0074     1
  5.2050  0.0074     1
  5.4033  0.0332     1
  5.5701  0.1418     1
  5.6778  0.3095     1
  5.7000  0.5074     1
  5.7001  0.6948     1
  5.7001  0.8822     1
  5.7001  1.0697     1
  5.7001  1.2571     1
  5.7002  1.4445     1
  5.7002  1.6320     1
  5.7002  1.7940     1
 77.5000
    39
  0.0000  0.0141     1
  0.1929  0.0141     1
  0.3857  0.0141     1
  0.5784  0.0141     1
  0.7712  0.0141     1
  0.9639  0.0141     1
  1.1567  0.0141     1
  1.3495  0.0141     1
  1.5423  0.0141     1
  1.7351  0.0141     1
  1.9279  0.0141     1
  2.1207  0.0141     1
  2.3134  0.0141     1
  2.5062  0.0141     1
  2.6989  0.0141     1
  2.8917  0.0141     1
  3.0845  0.0141     1
  3.2772  0.0141     1
  3.4701  0.0141     1
  3.6629  0.0141     1
  3.8556  0.0141     1
  4.0484  0.0141     1
  4.2412  0.0141     1
  4.4339  0.0141     1
  4.6267  0.0141     1
  4.8195  0.0141     1
  5.0122  0.0141     1
  5.2050  0.0141     1
  5.4033  0.0399     1
  5.5701  0.1485     1
  5.6778  0.3162     1
  5.7000  0.5141     1
  5.7001  0.7015     1
  5.7001  0.8889     1
  5.7001  1.0764     1
  5.7001  1.2638     1
  5.7002  1.4512     1
  5.7002  1.6387     1
  5.7002  1.7940     1
 82.5000
    39
  0.0000  0.0209     1
  0.1929  0.0209     1
  0.3857  0.0209     1
  0.5784  0.0209     1
  0.7712  0.0209     1
  0.9639  0.0209     1
  1.1567  0.0209     1
  1.3495  0.0209     1
  1.5423  0.0209     1
  1.7351  0.0209     1
  1.9279  0.0209     1
  2.1207  0.0209     1
  2.3134  0.0209     1
  2.5062  0.0209     1
  2.6989  0.0209     1
  2.8917  0.0209     1
  3.0845  0.0209     1
  3.2772  0.0209     1
  3.4701  0.0209     1
  3.6629  0.0209     1
  3.8556  0.0209     1
  4.0484  0.0209     1
  4.2412  0.0209     1
  4.4339  0.0209     1
  4.6267  0.0209     1
  4.8195  0.0209     1
  5.0122  0.0209     1
  5.2050  0.0209     1
  5.4033  0.0467     1
  5.5701  0.1553     1
  5.6778  0.3230     1
  5.7000  0.5209     1
  5.7001  0.7083     1
  5.7001  0.8957     1
  5.7001  1.0832     1
  5.7001  1.2706     1
  5.7002  1.4580     1
  5.7002  1.6455     1
  5.7002  1.7940     1
 87.5000
    39
  0.0000  0.0277     1
  0.1929  0.0277     1
  0.3857  0.0277     1
  0.5784  0.0277     1
  0.7712  0.0277     1
  0.9639  0.0277     1
  1.1567  0.0277     1
  1.3495  0.0277     1
  1.5423  0.0277     1
  1.7351  0.0277     1
  1.9279  0.0277     1
  2.1207  0.0277     1
  2.3134  0.0277     1
  2.5062  0.0277     1
  2.6989  0.0277     1
  2.8917  0.0277     1
  3.0845  0.0277     1
  3.2772  0.0277     1
  3.4701  0.0277     1
  3.6629  0.0277     1
  3.8556  0.0277     1
  4.0484  0.0277     1
  4.2412  0.0277     1
  4.4339  0.0277     1
  4.6267  0.0277     1
  4.8195  0.0277     1
  5.0122  0.0277     1
  5.2050  0.0277     1
  5.4033  0.0535     1
  5.5701  0.1621     1
  5.6778  0.3298     1
  5.7000  0.5277     1
  5.7001  0.7151     1
  5.7001  0.9025     1
  5.7001  1.0900     1
  5.7001  1.2774     1
  5.7002  1.4648     1
  5.7002  1.6523     1
  5.7002  1.7940     1
 92.5000
    39
  0.0000  0.0345     1
  0.1929  0.0345     1
  0.3857  0.0345     1
  0.5784  0.0345     1
  0.7712  0.0345     1
  0.9639  0.0345     1
  1.1567  0.0345     1
  1.3495  0.0345     1
  1.5423  0.0345     1
  1.7351  0.0345     1
  1.9279  0.0345     1
  2.1207  0.0345     1
  2.3134  0.0345     1
  2.5062  0.0345     1
  2.6989  0.0345     1
  2.8917  0.0345     1
  3.0845  0.0345     1
  3.2772  0.0345     1
  3.4701  0.0345     1
  3.6629  0.0345     1
  3.8556  0.0345     1
  4.0484  0.0345     1
  4.2412  0.0345     1
  4.4339  0.0345     1
  4.6267  0.0345     1
  4.8195  0.0345     1
  5.0122  0.0345     1
  5.2050  0.0345     1
  5.4033  0.0603     1
  5.5701  0.1689     1
  5.6778  0.3366     1
  5.7000  0.5345     1
  5.7001  0.7219     1
  5.7001  0.9093     1
  5.7001  1.0968     1
  5.7001  1.2842     1
  5.7002  1.4716     1
  5.7002  1.6591     1
  5.7002  1.7940     1
 97.5000
    39
  0.0000  0.0413     1
  0.1929  0.0413     1
  0.3857  0.0413     1
  0.5784  0.0413     1
  0.7712  0.0413     1
  0.9639  0.0413     1
  1.1567  0.0413     1
  1.3495  0.0413     1
  1.5423  0.0413     1
  1.7351  0.0413     1
  1.9279  0.0413     1
  2.1207  0.0413     1
  2.3134  0.0413     1
  2.5062  0.0413     1
  2.6989  0.0413     1
  2.8917  0.0413     1
  3.0845  0.0413     1
  3.2772  0.0413     1
  3.4701  0.0413     1
  3.6629  0.0413     1
  3.8556  0.0413     1
  4.0484  0.0413     1
  4.2412  0.0413     1
  4.4339  0.0413     1
  4.6267  0.0413     1
  4.8195  0.0413     1
  5.0122  0.0413     1
  5.2050  0.0413     1
  5.4033  0.0671     1
  5.5701  0.1757     1
  5.6778  0.3434     1
  5.7000  0.5413     1
  5.7001  0.7287     1
  5.7001  0.9161     1
  5.7001  1.1036     1
  5.7001  1.2910     1
  5.7002  1.4784     1
  5.7002  1.6659     1
  5.7002  1.7940     1
102.5000
    39
  0.0000  0.0480     1
  0.1929  0.0480     1
  0.3857  0.0480     1
  0.5784  0.0480     1
  0.7712  0.0480     1
  0.9639  0.0480     1
  1.1567  0.0480     1
  1.3495  0.0480     1
  1.5423  0.0480     1
  1.7351  0.0480     1
  1.9279  0.0480     1
  2.1207  0.0480     1
  2.3134  0.0480     1
  2.5062  0.0480     1
  2.6989  0.0480     1
  2.8917  0.0480     1
  3.0845  0.0480     1
  3.2772  0.0480     1
  3.4701  0.0480     1
  3.6629  0.0480     1
  3.8556  0.0480     1
  4.0484  0.0480     1
  4.2412  0.0480     1
  4.4339  0.0480     1
  4.6267  0.0480     1
  4.8195  0.0480     1
  5.0122  0.0480     1
  5.2050  0.0480     1
  5.4033  0.0738     1
  5.5701  0.1824     1
  5.6778  0.3501     1
  5.7000  0.5480     1
  5.7001  0.7354     1
  5.7001  0.9228     1
  5.7001  1.1103     1
  5.7001  1.2977     1
  5.7002  1.4851     1
  5.7002  1.6726     1
  5.7002  1.7940     1
107.5000
    39
  0.0000  0.0548     1
  0.1929  0.0548     1
  0.3857  0.0548     1
  0.5784  0.0548     1
  0.7712  0.0548     1
  0.9639  0.0548     1
  1.1567  0.0548     1
  1.3495  0.0548     1
  1.5423  0.0548     1
  1.7351  0.0548     1
  1.9279  0.0548     1
  2.1207  0.0548     1
  2.3134  0.0548     1
  2.5062  0.0548     1
  2.6989  0.0548     1
  2.8917  0.0548     1
  3.0845  0.0548     1
  3.2772  0.0548     1
  3.4701  0.0548     1
  3.6629  0.0548     1
  3.8556  0.0548     1
  4.0484  0.0548     1
  4.2412  0.0548     1
  4.4339  0.0548     1
  4.6267  0.0548     1
  4.8195  0.0548     1
  5.0122  0.0548     1
  5.2050  0.0548     1
  5.4033  0.0806     1
  5.5701  0.1892     1
  5.6778  0.3569     1
  5.7000  0.5548     1
  5.7001  0.7422     1
  5.7001  0.9296     1
  5.7001  1.1171     1
  5.7001  1.3045     1
  5.7002  1.4919     1
  5.7002  1.6794     1
  5.7002  1.7940     1
112.5000
    39
  0.0000  0.0616     1
  0.1929  0.0616     1
  0.3857  0.0616     1
  0.5784  0.0616     1
  0.7712  0.0616     1
  0.9639  0.0616     1
  1.1567  0.0616     1
  1.3495  0.0616     1
  1.5423  0.0616     1
  1.7351  0.0616     1
  1.9279  0.0616     1
  2.1207  0.0616     1
  2.3134  0.0616     1
  2.5062  0.0616     1
  2.6989  0.0616     1
  2.8917  0.0616     1
  3.0845  0.0616     1
  3.2772  0.0616     1
  3.4701  0.0616     1
  3.6629  0.0616     1
  3.8556  0.0616     1
  4.0484  0.0616     1
  4.2412  0.0616     1
  4.4339  0.0616     1
  4.6267  0.0616     1
  4.8195  0.0616     1
  5.0122  0.0616     1
  5.2050  0.0616     1
  5.4033  0.0874     1
  5.5701  0.1960     1
  5.6778  0.3637     1
  5.7000  0.5616     1
  5.7001  0.7490     1
  5.7001  0.9364     1
  5.7001  1.1239     1
  5.7001  1.3113     1
  5.7002  1.4987     1
  5.7002  1.6862     1
  5.7002  1.7940     1
117.2000
    40
  0.0000  0.0680     1
  0.1876  0.0680     1
  0.3752  0.0680     1
  0.5629  0.0680     1
  0.7506  0.0680     1
  0.9383  0.0680     1
  1.1261  0.0680     1
  1.3137  0.0680     1
  1.5014  0.0680     1
  1.6891  0.0680     1
  1.8768  0.0680     1
  2.0645  0.0680     1
  2.2521  0.0680     1
  2.4398  0.0680     1
  2.6275  0.0680     1
  2.8152  0.0680     1
  3.0029  0.0680     1
  3.1906  0.0680     1
  3.3783  0.0680     1
  3.5659  0.0680     1
  3.7536  0.0680     1
  3.9413  0.0680     1
  4.1291  0.0680     1
  4.3167  0.0680     1
  4.5043  0.0680     1
  4.6922  0.0680     1
  4.8797  0.0680     1
  5.0675  0.0680     1
  5.2550  0.0680     1
  5.4277  0.1000     1
  5.5725  0.1996     1
  5.6707  0.3456     1
  5.7050  0.5180     1
  5.7050  0.7085     1
  5.7050  0.8990     1
  5.7050  1.0896     1
  5.7050  1.2802     1
  5.7050  1.4707     1
  5.7050  1.6613     1
  5.7050  1.7940     1
117.8000
    40
  0.0000  0.0688     1
  0.1877  0.0688     1
  0.3755  0.0688     1
  0.5632  0.0688     1
  0.7510  0.0688     1
  0.9388  0.0688     1
  1.1265  0.0688     1
  1.3143  0.0688     1
  1.5020  0.0688     1
  1.6898  0.0688     1
  1.8776  0.0688     1
  2.0653  0.0688     1
  2.2531  0.0688     1
  2.4409  0.0688     1
  2.6286  0.0689     1
  2.8164  0.0689     1
  3.0041  0.0689     1
  3.1919  0.0689     1
  3.3797  0.0689     1
  3.5674  0.0689     1
  3.7552  0.0689     1
  3.9430  0.0689     1
  4.1307  0.0689     1
  4.3185  0.0689     1
  4.5062  0.0689     1
  4.6941  0.0689     1
  4.8817  0.0689     1
  5.0695  0.0689     1
  5.2572  0.0689     1
  5.4277  0.1092     1
  5.5715  0.2098     1
  5.6701  0.3550     1
  5.7050  0.5268     1
  5.7050  0.7168     1
  5.7050  0.9068     1
  5.7050  1.0969     1
  5.7050  1.2870     1
  5.7050  1.4771     1
  5.7050  1.6672     1
  5.7050  1.7940     1
118.4000
    40
  0.0000  0.0696     1
  0.1866  0.0696     1
  0.3731  0.0696     1
  0.5597  0.0696     1
  0.7463  0.0696     1
  0.9328  0.0696     1
  1.1194  0.0696     1
  1.3060  0.0696     1
  1.4926  0.0696     1
  1.6792  0.0696     1
  1.8657  0.0696     1
  2.0523  0.0696     1
  2.2389  0.0696     1
  2.4255  0.0696     1
  2.6121  0.0697     1
  2.7986  0.0697     1
  2.9852  0.0697     1
  3.1718  0.0697     1
  3.3584  0.0697     1
  3.5449  0.0697     1
  3.7316  0.0697     1
  3.9181  0.0697     1
  4.1047  0.0697     1
  4.2913  0.0697     1
  4.4779  0.0697     1
  4.6645  0.0697     1
  4.8509  0.0697     1
  5.0376  0.0697     1
  5.2241  0.0697     1
  5.4087  0.1145     1
  5.5635  0.2250     1
  5.6671  0.3844     1
  5.7050  0.5708     1
  5.7050  0.7581     1
  5.7050  0.9455     1
  5.7050  1.1329     1
  5.7050  1.3202     1
  5.7050  1.5076     1
  5.7050  1.6949     1
  5.7050  1.7940     1
119.0000
    39
  0.0000  0.0704     1
  0.1913  0.0704     1
  0.3827  0.0704     1
  0.5741  0.0704     1
  0.7654  0.0704     1
  0.9567  0.0704     1
  1.1481  0.0704     1
  1.3395  0.0704     1
  1.5308  0.0704     1
  1.7222  0.0704     1
  1.9136  0.0704     1
  2.1049  0.0704     1
  2.2963  0.0704     1
  2.4876  0.0704     1
  2.6790  0.0705     1
  2.8704  0.0705     1
  3.0617  0.0705     1
  3.2531  0.0705     1
  3.4445  0.0705     1
  3.6358  0.0705     1
  3.8272  0.0705     1
  4.0185  0.0705     1
  4.2099  0.0705     1
  4.4012  0.0705     1
  4.5926  0.0705     1
  4.7840  0.0705     1
  4.9754  0.0705     1
  5.1666  0.0705     1
  5.3390  0.1023     1
  5.4914  0.1894     1
  5.6079  0.3205     1
  5.6794  0.4810     1
  5.7050  0.6549     1
  5.7050  0.8491     1
  5.7050  1.0435     1
  5.7050  1.2378     1
  5.7050  1.4320     1
  5.7050  1.6264     1
  5.7050  1.7940     1
119.6000
    40
  0.0000  0.0712     1
  0.1879  0.0712     1
  0.3760  0.0712     1
  0.5639  0.0712     1
  0.7519  0.0712     1
  0.9399  0.0712     1
  1.1279  0.0712     1
  1.3159  0.0712     1
  1.5039  0.0712     1
  1.6919  0.0712     1
  1.8799  0.0712     1
  2.0679  0.0712     1
  2.2559  0.0712     1
  2.4439  0.0712     1
  2.6319  0.0712     1
  2.8199  0.0712     1
  3.0079  0.0712     1
  3.1958  0.0712     1
  3.3839  0.0712     1
  3.5719  0.0712     1
  3.7599  0.0712     1
  3.9479  0.0712     1
  4.1359  0.0712     1
  4.3239  0.0712     1
  4.5120  0.0712     1
  4.7000  0.0712     1
  4.8879  0.0712     1
  5.0757  0.0712     1
  5.2512  0.0941     1
  5.4124  0.1668     1
  5.5444  0.2845     1
  5.6365  0.4356     1
  5.6883  0.6051     1
  5.7050  0.7816     1
  5.7050  0.9674     1
  5.7050  1.1533     1
  5.7050  1.3392     1
  5.7050  1.5251     1
  5.7050  1.7111     1
  5.7050  1.7940     1
120.2000
    39
  0.0000  0.0720     1
  0.1913  0.0720     1
  0.3827  0.0720     1
  0.5740  0.0720     1
  0.7653  0.0720     1
  0.9567  0.0720     1
  1.1480  0.0720     1
  1.3394  0.0720     1
  1.5307  0.0720     1
  1.7221  0.0720     1
  1.9134  0.0720     1
  2.1048  0.0720     1
  2.2961  0.0720     1
  2.4875  0.0720     1
  2.6789  0.0720     1
  2.8702  0.0720     1
  3.0616  0.0720     1
  3.2529  0.0720     1
  3.4442  0.0720     1
  3.6356  0.0720     1
  3.8269  0.0720     1
  4.0183  0.0720     1
  4.2097  0.0720     1
  4.4011  0.0720     1
  4.5925  0.0720     1
  4.7838  0.0720     1
  4.9749  0.0720     1
  5.1582  0.0932     1
  5.3305  0.1585     1
  5.4766  0.2709     1
  5.5876  0.4180     1
  5.6605  0.5876     1
  5.6968  0.7686     1
  5.7050  0.9532     1
  5.7050  1.1401     1
  5.7050  1.3271     1
  5.7050  1.5140     1
  5.7050  1.7011     1
  5.7050  1.7940     1
120.8000
    39
  0.0000  0.0728     1
  0.1867  0.0728     1
  0.3734  0.0728     1
  0.5602  0.0728     1
  0.7470  0.0728     1
  0.9337  0.0728     1
  1.1205  0.0728     1
  1.3073  0.0728     1
  1.4940  0.0728     1
  1.6808  0.0728     1
  1.8675  0.0728     1
  2.0543  0.0728     1
  2.2410  0.0728     1
  2.4278  0.0728     1
  2.6145  0.0728     1
  2.8013  0.0728     1
  2.9881  0.0728     1
  3.1748  0.0728     1
  3.3616  0.0728     1
  3.5484  0.0728     1
  3.7351  0.0728     1
  3.9219  0.0728     1
  4.1086  0.0728     1
  4.2953  0.0728     1
  4.4821  0.0728     1
  4.6689  0.0728     1
  4.8555  0.0728     1
  5.0507  0.0942     1
  5.2358  0.1590     1
  5.3971  0.2705     1
  5.5250  0.4193     1
  5.6192  0.5916     1
  5.6757  0.7796     1
  5.6993  0.9747     1
  5.7050  1.1713     1
  5.7050  1.3559     1
  5.7050  1.5404     1
  5.7050  1.7251     1
  5.7050  1.7940     1
121.4000
    38
  0.0000  0.0737     1
  0.1887  0.0737     1
  0.3774  0.0737     1
  0.5661  0.0737     1
  0.7550  0.0737     1
  0.9437  0.0737     1
  1.1325  0.0737     1
  1.3212  0.0737     1
  1.5100  0.0737     1
  1.6988  0.0737     1
  1.8875  0.0737     1
  2.0763  0.0737     1
  2.2651  0.0737     1
  2.4538  0.0737     1
  2.6426  0.0737     1
  2.8313  0.0737     1
  3.0202  0.0737     1
  3.2088  0.0737     1
  3.3977  0.0737     1
  3.5865  0.0737     1
  3.7753  0.0737     1
  3.9639  0.0737     1
  4.1528  0.0737     1
  4.3414  0.0737     1
  4.5303  0.0737     1
  4.7188  0.0737     1
  4.9077  0.0929     1
  5.0896  0.1470     1
  5.2550  0.2399     1
  5.3949  0.3681     1
  5.5076  0.5210     1
  5.5960  0.6891     1
  5.6560  0.8692     1
  5.6864  1.0567     1
  5.6995  1.2464     1
  5.7050  1.4364     1
  5.7050  1.6304     1
  5.7050  1.7940     1
122.0000
    38
  0.0000  0.0745     1
  0.1900  0.0745     1
  0.3804  0.0745     1
  0.5705  0.0745     1
  0.7609  0.0745     1
  0.9512  0.0745     1
  1.1414  0.0745     1
  1.3316  0.0745     1
  1.5219  0.0745     1
  1.7121  0.0745     1
  1.9024  0.0745     1
  2.0926  0.0745     1
  2.2829  0.0745     1
  2.4731  0.0745     1
  2.6634  0.0745     1
  2.8537  0.0745     1
  3.0439  0.0745     1
  3.2341  0.0745     1
  3.4245  0.0745     1
  3.6147  0.0745     1
  3.8049  0.0745     1
  3.9953  0.0745     1
  4.1856  0.0745     1
  4.3755  0.0745     1
  4.5657  0.0745     1
  4.7543  0.0932     1
  4.9372  0.1429     1
  5.1068  0.2270     1
  5.2556  0.3442     1
  5.3805  0.4868     1
  5.4842  0.6454     1
  5.5694  0.8148     1
  5.6317  0.9938     1
  5.6682  1.1798     1
  5.6871  1.3685     1
  5.7005  1.5578     1
  5.7050  1.7474     1
  5.7050  1.7940     1
122.6000
    37
  0.0000  0.0753     1
  0.1911  0.0753     1
  0.3823  0.0753     1
  0.5735  0.0753     1
  0.7646  0.0753     1
  0.9558  0.0753     1
  1.1470  0.0753     1
  1.3382  0.0753     1
  1.5294  0.0753     1
  1.7206  0.0753     1
  1.9117  0.0753     1
  2.1029  0.0753     1
  2.2941  0.0753     1
  2.4853  0.0753     1
  2.6765  0.0753     1
  2.8677  0.0753     1
  3.0589  0.0753     1
  3.2501  0.0753     1
  3.4413  0.0753     1
  3.6323  0.0753     1
  3.8236  0.0753     1
  4.0149  0.0753     1
  4.2059  0.0753     1
  4.3970  0.0753     1
  4.5885  0.0946     1
  4.7747  0.1426     1
  4.9500  0.2218     1
  5.1060  0.3342     1
  5.2398  0.4724     1
  5.3547  0.6268     1
  5.4537  0.7919     1
  5.5379  0.9651     1
  5.6020  1.1465     1
  5.6433  1.3345     1
  5.6694  1.5253     1
  5.6879  1.7170     1
  5.6928  1.7940     1
123.2000
    37
  0.0000  0.0761     1
  0.1913  0.0761     1
  0.3830  0.0761     1
  0.5744  0.0761     1
  0.7659  0.0761     1
  0.9575  0.0761     1
  1.1491  0.0761     1
  1.3406  0.0761     1
  1.5321  0.0761     1
  1.7236  0.0761     1
  1.9152  0.0761     1
  2.1067  0.0761     1
  2.2982  0.0761     1
  2.4898  0.0761     1
  2.6812  0.0761     1
  2.8728  0.0761     1
  3.0644  0.0761     1
  3.2559  0.0761     1
  3.4472  0.0761     1
  3.6389  0.0761     1
  3.8304  0.0761     1
  4.0219  0.0761     1
  4.2133  0.0761     1
  4.3980  0.0929     1
  4.5782  0.1369     1
  4.7505  0.2054     1
  4.9082  0.3027     1
  5.0466  0.4260     1
  5.1680  0.5664     1
  5.2748  0.7181     1
  5.3701  0.8773     1
  5.4559  1.0419     1
  5.5285  1.2126     1
  5.5831  1.3899     1
  5.6219  1.5714     1
  5.6502  1.7548     1
  5.6548  1.7940     1
123.8000
    36
  0.0000  0.0769     1
  0.1912  0.0769     1
  0.3823  0.0769     1
  0.5734  0.0769     1
  0.7647  0.0769     1
  0.9559  0.0769     1
  1.1471  0.0769     1
  1.3383  0.0769     1
  1.5295  0.0769     1
  1.7207  0.0769     1
  1.9119  0.0769     1
  2.1031  0.0769     1
  2.2943  0.0769     1
  2.4856  0.0769     1
  2.6768  0.0769     1
  2.8679  0.0769     1
  3.0591  0.0769     1
  3.2503  0.0769     1
  3.4417  0.0769     1
  3.6329  0.0769     1
  3.8241  0.0769     1
  4.0150  0.0769     1
  4.2061  0.0937     1
  4.3925  0.1389     1
  4.5713  0.2083     1
  4.7360  0.3064     1
  4.8817  0.4311     1
  5.0094  0.5744     1
  5.1228  0.7291     1
  5.2257  0.8912     1
  5.3204  1.0582     1
  5.4071  1.2294     1
  5.4795  1.4071     1
  5.5374  1.5901     1
  5.5821  1.7767     1
  5.5850  1.7940     1
124.4000
    35
  0.0000  0.0777     1
  0.1899  0.0777     1
  0.3801  0.0777     1
  0.5702  0.0777     1
  0.7605  0.0777     1
  0.9506  0.0777     1
  1.1407  0.0777     1
  1.3308  0.0777     1
  1.5210  0.0777     1
  1.7111  0.0777     1
  1.9013  0.0777     1
  2.0915  0.0777     1
  2.2816  0.0777     1
  2.4716  0.0777     1
  2.6620  0.0777     1
  2.8519  0.0777     1
  3.0422  0.0777     1
  3.2322  0.0777     1
  3.4226  0.0777     1
  3.6126  0.0777     1
  3.8025  0.0777     1
  3.9909  0.0923     1
  4.1749  0.1358     1
  4.3529  0.1996     1
  4.5187  0.2904     1
  4.6678  0.4066     1
  4.7994  0.5426     1
  4.9163  0.6913     1
  5.0233  0.8474     1
  5.1210  1.0094     1
  5.2145  1.1740     1
  5.3011  1.3422     1
  5.3774  1.5154     1
  5.4411  1.6935     1
  5.4709  1.7940     1
125.0000
    34
  0.0000  0.0785     1
  0.1880  0.0785     1
  0.3763  0.0785     1
  0.5645  0.0785     1
  0.7527  0.0785     1
  0.9410  0.0785     1
  1.1293  0.0785     1
  1.3175  0.0785     1
  1.5057  0.0785     1
  1.6940  0.0785     1
  1.8822  0.0785     1
  2.0705  0.0785     1
  2.2586  0.0785     1
  2.4469  0.0785     1
  2.6352  0.0785     1
  2.8234  0.0785     1
  3.0117  0.0785     1
  3.1999  0.0785     1
  3.3882  0.0785     1
  3.5760  0.0785     1
  3.7678  0.0918     1
  3.9557  0.1348     1
  4.1376  0.1986     1
  4.3079  0.2887     1
  4.4615  0.4050     1
  4.5969  0.5422     1
  4.7178  0.6923     1
  4.8280  0.8506     1
  4.9297  1.0144     1
  5.0263  1.1813     1
  5.1197  1.3501     1
  5.2036  1.5237     1
  5.2776  1.7018     1
  5.3110  1.7940     1
125.6000
    34
  0.0000  0.0793     1
  0.1853  0.0793     1
  0.3705  0.0793     1
  0.5558  0.0793     1
  0.7412  0.0793     1
  0.9265  0.0793     1
  1.1119  0.0793     1
  1.2972  0.0793     1
  1.4826  0.0793     1
  1.6679  0.0793     1
  1.8532  0.0793     1
  2.0386  0.0793     1
  2.2239  0.0793     1
  2.4092  0.0793     1
  2.5946  0.0793     1
  2.7798  0.0793     1
  2.9652  0.0793     1
  3.1505  0.0793     1
  3.3357  0.0793     1
  3.5222  0.0899     1
  3.7054  0.1289     1
  3.8836  0.1873     1
  4.0523  0.2689     1
  4.2068  0.3750     1
  4.3442  0.5026     1
  4.4662  0.6450     1
  4.5767  0.7965     1
  4.6791  0.9536     1
  4.7753  1.1147     1
  4.8691  1.2771     1
  4.9580  1.4422     1
  5.0399  1.6109     1
  5.1149  1.7829     1
  5.1188  1.7940     1
126.1000
    33
  0.0000  0.0800     1
  0.1838  0.0800     1
  0.3675  0.0800     1
  0.5514  0.0800     1
  0.7352  0.0800     1
  0.9190  0.0800     1
  1.1029  0.0800     1
  1.2867  0.0800     1
  1.4705  0.0800     1
  1.6544  0.0800     1
  1.8382  0.0800     1
  2.0220  0.0800     1
  2.2059  0.0800     1
  2.3897  0.0800     1
  2.5736  0.0800     1
  2.7574  0.0800     1
  2.9411  0.0800     1
  3.1249  0.0800     1
  3.3137  0.0897     1
  3.4993  0.1278     1
  3.6803  0.1849     1
  3.8517  0.2662     1
  4.0091  0.3719     1
  4.1492  0.4998     1
  4.2733  0.6433     1
  4.3861  0.7959     1
  4.4903  0.9546     1
  4.5882  1.1172     1
  4.6836  1.2813     1
  4.7757  1.4473     1
  4.8608  1.6170     1
  4.9401  1.7894     1
  4.9416  1.7940     1
126.6000
    30
  0.0000  0.0807     1
  0.1936  0.0807     1
  0.3872  0.0807     1
  0.5808  0.0807     1
  0.7745  0.0807     1
  0.9681  0.0807     1
  1.1618  0.0807     1
  1.3554  0.0807     1
  1.5491  0.0807     1
  1.7427  0.0807     1
  1.9364  0.0807     1
  2.1301  0.0807     1
  2.3238  0.0807     1
  2.5174  0.0807     1
  2.7109  0.0807     1
  2.9045  0.0807     1
  3.0956  0.0903     1
  3.2840  0.1263     1
  3.4675  0.1828     1
  3.6423  0.2618     1
  3.8027  0.3672     1
  3.9455  0.4953     1
  4.0723  0.6395     1
  4.1868  0.7937     1
  4.2926  0.9540     1
  4.3935  1.1174     1
  4.4904  1.2833     1
  4.5839  1.4511     1
  4.6722  1.6216     1
  4.7537  1.7940     1
127.1000
    30
  0.0000  0.0814     1
  0.1909  0.0814     1
  0.3820  0.0814     1
  0.5730  0.0814     1
  0.7641  0.0814     1
  0.9551  0.0814     1
  1.1462  0.0814     1
  1.3373  0.0814     1
  1.5283  0.0814     1
  1.7194  0.0814     1
  1.9104  0.0814     1
  2.1015  0.0814     1
  2.2925  0.0814     1
  2.4836  0.0814     1
  2.6745  0.0814     1
  2.8602  0.0904     1
  3.0440  0.1208     1
  3.2233  0.1716     1
  3.3957  0.2423     1
  3.5558  0.3375     1
  3.7000  0.4555     1
  3.8280  0.5910     1
  3.9431  0.7376     1
  4.0497  0.8905     1
  4.1499  1.0478     1
  4.2463  1.2074     1
  4.3399  1.3686     1
  4.4296  1.5320     1
  4.5144  1.6981     1
  4.5604  1.7940     1
127.6000
    29
  0.0000  0.0821     1
  0.1872  0.0821     1
  0.3745  0.0821     1
  0.5618  0.0821     1
  0.7491  0.0821     1
  0.9364  0.0821     1
  1.1237  0.0821     1
  1.3110  0.0821     1
  1.4983  0.0821     1
  1.6856  0.0821     1
  1.8729  0.0821     1
  2.0602  0.0821     1
  2.2476  0.0821     1
  2.4347  0.0821     1
  2.6229  0.0914     1
  2.8092  0.1198     1
  2.9913  0.1680     1
  3.1670  0.2361     1
  3.3311  0.3286     1
  3.4787  0.4456     1
  3.6099  0.5809     1
  3.7282  0.7276     1
  3.8378  0.8810     1
  3.9400  1.0394     1
  4.0386  1.2001     1
  4.1342  1.3626     1
  4.2261  1.5272     1
  4.3143  1.6939     1
  4.3643  1.7940     1
128.1000
    28
  0.0000  0.0827     1
  0.1836  0.0827     1
  0.3671  0.0827     1
  0.5507  0.0827     1
  0.7343  0.0827     1
  0.9179  0.0827     1
  1.1015  0.0828     1
  1.2851  0.0828     1
  1.4687  0.0828     1
  1.6523  0.0828     1
  1.8359  0.0828     1
  2.0196  0.0828     1
  2.2030  0.0828     1
  2.3830  0.0937     1
  2.5617  0.1185     1
  2.7373  0.1597     1
  2.9075  0.2191     1
  3.0689  0.2996     1
  3.2257  0.4110     1
  3.3645  0.5443     1
  3.4898  0.6906     1
  3.6045  0.8452     1
  3.7122  1.0049     1
  3.8145  1.1680     1
  3.9131  1.3335     1
  4.0087  1.5007     1
  4.1010  1.6699     1
  4.1655  1.7940     1
128.5950
    26
  0.0000  0.0834     1
  0.1946  0.0834     1
  0.3894  0.0834     1
  0.5841  0.0834     1
  0.7788  0.0834     1
  0.9735  0.0834     1
  1.1682  0.0834     1
  1.3630  0.0834     1
  1.5577  0.0834     1
  1.7524  0.0834     1
  1.9470  0.0834     1
  2.1390  0.0949     1
  2.3295  0.1215     1
  2.5166  0.1655     1
  2.6983  0.2284     1
  2.8694  0.3158     1
  3.0248  0.4288     1
  3.1623  0.5631     1
  3.2869  0.7096     1
  3.4012  0.8644     1
  3.5084  1.0241     1
  3.6114  1.1866     1
  3.7107  1.3514     1
  3.8078  1.5174     1
  3.9008  1.6858     1
  3.9592  1.7940     1
128.6050
    26
  0.0000  0.0834     1
  0.1946  0.0834     1
  0.3894  0.0834     1
  0.5841  0.0834     1
  0.7789  0.0834     1
  0.9736  0.0835     1
  1.1683  0.0835     1
  1.3630  0.0835     1
  1.5578  0.0835     1
  1.7525  0.0835     1
  1.9472  0.0835     1
  2.1315  0.0942     1
  2.3144  0.1189     1
  2.4946  0.1588     1
  2.6699  0.2167     1
  2.8364  0.2961     1
  2.9900  0.3984     1
  3.1119  0.5531     1
  3.2340  0.7080     1
  3.3560  0.8628     1
  3.4781  1.0177     1
  3.6000  1.1724     1
  3.7015  1.3373     1
  3.8002  1.5040     1
  3.8942  1.6733     1
  3.9591  1.7940     1
129.1000
    25
  0.0000  0.0841     1
  0.1870  0.0841     1
  0.3740  0.0841     1
  0.5611  0.0841     1
  0.7481  0.0841     1
  0.9352  0.0841     1
  1.1222  0.0841     1
  1.3093  0.0841     1
  1.4962  0.0841     1
  1.6832  0.0841     1
  1.8729  0.0950     1
  2.0612  0.1198     1
  2.2469  0.1595     1
  2.4280  0.2166     1
  2.6000  0.2968     1
  2.7600  0.3991     1
  2.8840  0.5538     1
  3.0080  0.7087     1
  3.1320  0.8635     1
  3.2561  1.0184     1
  3.3800  1.1731     1
  3.4783  1.3407     1
  3.5767  1.5085     1
  3.6726  1.6775     1
  3.7363  1.7940     1
129.5950
    24
  0.0000  0.0848     1
  0.1782  0.0848     1
  0.3562  0.0848     1
  0.5344  0.0848     1
  0.7125  0.0848     1
  0.8906  0.0848     1
  1.0686  0.0848     1
  1.2466  0.0848     1
  1.4246  0.0848     1
  1.6170  0.0964     1
  1.8080  0.1219     1
  1.9966  0.1617     1
  2.1805  0.2191     1
  2.3557  0.2990     1
  2.5200  0.3998     1
  2.6440  0.5546     1
  2.7680  0.7094     1
  2.8920  0.8642     1
  3.0160  1.0190     1
  3.1400  1.1738     1
  3.2386  1.3420     1
  3.3373  1.5102     1
  3.4345  1.6792     1
  3.4982  1.7940     1
129.6033
    25
  0.0000  0.0848     1
  0.1783  0.0848     1
  0.3564  0.0848     1
  0.5344  0.0848     1
  0.7125  0.0848     1
  0.8905  0.0848     1
  1.0686  0.0848     1
  1.2466  0.0848     1
  1.4246  0.0848     1
  1.6120  0.0959     1
  1.7981  0.1202     1
  1.9820  0.1580     1
  2.1617  0.2121     1
  2.3335  0.2873     1
  2.4928  0.3863     1
  2.6362  0.5072     1
  2.7647  0.6439     1
  2.8816  0.7909     1
  2.9900  0.9441     1
  3.0922  1.1016     1
  3.1908  1.2614     1
  3.2865  1.4229     1
  3.3809  1.5852     1
  3.4734  1.7485     1
  3.4981  1.7940     1
129.9250
    24
  0.0000  0.0852     1
  0.1809  0.0852     1
  0.3619  0.0852     1
  0.5428  0.0852     1
  0.7235  0.0853     1
  0.9043  0.0853     1
  1.0852  0.0853     1
  1.2660  0.0853     1
  1.4531  0.0976     1
  1.6390  0.1228     1
  1.8224  0.1625     1
  2.0020  0.2162     1
  2.1735  0.2917     1
  2.3327  0.3907     1
  2.4759  0.5116     1
  2.6049  0.6478     1
  2.7217  0.7945     1
  2.8296  0.9480     1
  2.9313  1.1057     1
  3.0293  1.2656     1
  3.1246  1.4272     1
  3.2187  1.5896     1
  3.3110  1.7529     1
  3.3333  1.7940     1
130.2500
    23
  0.0000  0.0857     1
  0.1820  0.0857     1
  0.3638  0.0857     1
  0.5456  0.0857     1
  0.7274  0.0857     1
  0.9092  0.0857     1
  1.0910  0.0857     1
  1.2784  0.0972     1
  1.4644  0.1234     1
  1.6478  0.1634     1
  1.8277  0.2171     1
  1.9998  0.2916     1
  2.1596  0.3899     1
  2.3035  0.5103     1
  2.4336  0.6457     1
  2.5510  0.7921     1
  2.6585  0.9461     1
  2.7598  1.1043     1
  2.8575  1.2646     1
  2.9524  1.4267     1
  3.0463  1.5893     1
  3.1386  1.7529     1
  3.1609  1.7940     1
130.6000
    22
  0.0000  0.0861     1
  0.1822  0.0861     1
  0.3644  0.0861     1
  0.5466  0.0861     1
  0.7289  0.0861     1
  0.9111  0.0861     1
  1.0979  0.0980     1
  1.2832  0.1252     1
  1.4658  0.1666     1
  1.6446  0.2217     1
  1.8161  0.2965     1
  1.9748  0.3956     1
  2.1180  0.5160     1
  2.2480  0.6507     1
  2.3651  0.7969     1
  2.4706  0.9515     1
  2.5710  1.1097     1
  2.6678  1.2699     1
  2.7620  1.4318     1
  2.8550  1.5944     1
  2.9464  1.7578     1
  2.9659  1.7940     1
131.1000
    20
  0.0000  0.0868     1
  0.2181  0.0868     1
  0.4362  0.0868     1
  0.6543  0.0868     1
  0.8395  0.1001     1
  1.0229  0.1293     1
  1.2033  0.1734     1
  1.3795  0.2318     1
  1.5481  0.3094     1
  1.7042  0.4098     1
  1.8450  0.5307     1
  1.9722  0.6660     1
  2.0872  0.8119     1
  2.1913  0.9657     1
  2.2884  1.1241     1
  2.3822  1.2844     1
  2.4746  1.4455     1
  2.5658  1.6073     1
  2.6563  1.7696     1
  2.6692  1.7940     1
131.6000
    18
  0.0000  0.0875     1
  0.1911  0.0918     1
  0.3820  0.0975     1
  0.5728  0.1069     1
  0.7609  0.1366     1
  0.9442  0.1906     1
  1.1230  0.2572     1
  1.2913  0.3474     1
  1.4468  0.4582     1
  1.5880  0.5867     1
  1.7137  0.7304     1
  1.8252  0.8855     1
  1.9270  1.0471     1
  2.0230  1.2122     1
  2.1168  1.3787     1
  2.2098  1.5456     1
  2.3023  1.7127     1
  2.3459  1.7940     1
132.1000
    19
  0.0000  0.6552     1
  0.1834  0.6552     1
  0.3668  0.6552     1
  0.5500  0.6552     1
  0.5500  0.4949     1
  0.5500  0.3345     1
  0.5500  0.1742     1
  0.7259  0.2381     1
  0.8921  0.3243     1
  1.0460  0.4308     1
  1.1889  0.5519     1
  1.3215  0.6841     1
  1.4403  0.8288     1
  1.5431  0.9853     1
  1.6364  1.1477     1
  1.7265  1.3120     1
  1.8184  1.4752     1
  1.9129  1.6478     1
  1.9906  1.7940     1
132.6000
    15
  0.0000  0.5218     1
  0.1833  0.5218     1
  0.3667  0.5218     1
  0.5500  0.5218     1
  0.5500  0.3588     1
  0.6950  0.4801     1
  0.8332  0.6091     1
  0.9656  0.7442     1
  1.0832  0.8922     1
  1.1870  1.0503     1
  1.2832  1.2131     1
  1.3732  1.3795     1
  1.4614  1.5468     1
  1.5491  1.7144     1
  1.5899  1.7940     1
133.1000
    12
  0.0000  0.3885     1
  0.1491  0.3885     1
  0.2862  0.5137     1
  0.4158  0.6466     1
  0.5375  0.7868     1
  0.6499  0.9346     1
  0.7521  1.0896     1
  0.8460  1.2498     1
  0.9358  1.4123     1
  1.0237  1.5758     1
  1.1091  1.7407     1
  1.1358  1.7940     1
133.6000
     8
  0.0000  0.7419     1
  0.1031  0.8986     1
  0.1984  1.0602     1
  0.2886  1.2247     1
  0.3768  1.3904     1
  0.4640  1.5565     1
  0.5500  1.7233     1
  0.5853  1.7940     1
