80
-66.75 565.0315008521305
-66.25 811.9518976476081
-65.75 1106.716920766752
-65.25 1851.9030490942366
-65.0 3097.1583814193414
-64.75 3035.97625306809
-64.25 2883.0165974192487
-63.75 1257.5674462536217
-63.25 3672.815091368886
-62.75 2812.6753829609706
-62.25 2812.0515386344587
-61.75 2864.240157984706
-61.25 12178.634769935114
-60.75 12520.463766493815
-60.25 10550.176553634876
-59.75 10914.1263083209
-59.25 11298.99012597992
-58.75 11687.836243455034
-58.25 12097.136746075987
-57.75 9966.821919626167
-57.25 10945.136432527088
-56.75 11283.683699305602
-56.25 9442.967929178623
-55.75 19142.778092688637
-55.0 20495.90022658511
-54.0 21627.85294186151
-53.0 22650.564614505933
-52.0 22299.392658765883
-51.0 15314.599693400063
-50.25 16339.361273960752
-50.0 15354.83045709916
-49.5 16024.988587039627
-49.0 20360.059540459446
-48.75 20677.56767331039
-48.25 22182.165740339635
-47.75 22614.658195638494
-47.2 25728.558823592317
-45.95 27242.065022759543
-42.5 33769.56464535465
-37.5 43456.03684204545
-32.5 48906.875389489265
-27.5 52568.94933355237
-22.5 54514.843026399336
-17.5 56032.33099770582
-12.5 56651.74985559613
-7.5 56391.85542496108
-2.5 55289.73744140493
2.5 53416.388917293625
7.5 50831.90566790695
12.5 47599.34779239915
17.5 43782.87428487552
22.5 39430.46515193468
27.5 34628.709819942924
32.5 29470.25775258814
37.5 24067.01472610315
42.5 18574.54749633917
47.35 13339.19761692488
50.0 10516.145623915456
50.6 9919.410758758988
51.2 9335.460229622391
51.8 8765.035190775021
52.4 8208.65956201685
53.0 7668.420255659986
53.6 7142.740679824309
54.2 6633.609384859067
54.8 6141.405196986225
55.4 5666.572867650235
56.0 5209.2461991681275
56.6 4769.597727568364
57.2 4346.078083872139
57.8 3941.4838121353773
58.35 3593.321420481102
58.85 3292.491739029512
59.35 3008.7306718363347
59.85 2742.431539609935
60.35 2494.033057533892
60.85 2262.3414318623245
61.1 2174.9121065016475
61.35 2039.2051782212702
61.85 1833.3970855067766
62.1 1769.983291454606
62.26 1684.3299385880937
62.59 1561.3258731823776
62.92 1434.4432081927284
63.35 1267.039894351622
63.85 1085.5258288991208
64.35 860.712137513308
64.85 676.5457450589646
65.35 490.09623194379554
65.85 270.2535867061537
66.35 60.337409297147445
90
-66.75 561.6252150096153
-66.25 803.811510512169
-65.75 1092.1671137819026
-65.25 1904.237662236916
-65.0 3174.2237546671117
-64.75 3117.8374446276557
-64.25 2972.6107775398546
-63.75 1264.9972045991858
-63.25 3800.3743671862226
-62.75 2928.720100005134
-62.25 2931.0324868752123
-61.75 2982.146867061993
-61.25 12177.660722339077
-60.75 12498.366874788087
-60.25 10468.817003686052
-59.75 10809.626733497093
-59.25 11170.621957627798
-58.75 11534.748006826632
-58.25 11918.89728434615
-57.75 9731.714090545558
-57.25 10691.182355334418
-56.75 11004.291022483527
-56.25 9136.43334532143
-55.75 18899.161429376218
-55.0 20219.06282764634
-54.0 21296.094850684574
-53.0 22262.908002849064
-52.0 21841.273051874414
-51.0 14818.14022086916
-50.25 15816.943464051532
-50.0 14865.50761474448
-49.5 15520.424912869792
-49.0 19756.567283637844
-48.75 20066.4929508283
-48.25 21549.517368243756
-47.75 21968.943236110663
-47.2 25058.51645335005
-45.95 26538.65894340521
-42.5 33002.359808740184
-37.5 42640.35449241366
-32.5 48091.67571882977
-27.5 51792.07991634439
-22.5 53813.08942159101
-17.5 55425.46985522061
-12.5 56160.73634879713
-7.5 56031.33165618055
-2.5 55071.986951902785
2.5 53348.097749628316
7.5 50914.47426445993
12.5 47829.35541723586
17.5 44147.89621739074
22.5 39909.94788430884
27.5 35196.62062234937
32.5 30094.11009623382
37.5 24705.487068672042
42.5 19172.159910114362
47.35 13823.199798771442
50.0 10880.984437131265
50.6 10257.946856291626
51.2 9647.907868393544
51.8 9051.587348554533
52.4 8468.879219931503
53.0 7906.20902169891
53.6 7355.335384993728
54.2 6822.159228396529
54.8 6306.694675167539
55.4 5809.458206820384
56.0 5330.753639293392
56.6 4870.933123571695
57.2 4428.465142042908
57.8 4007.1801057862176
58.35 3645.531653391137
58.85 3334.511466708003
59.35 3042.0773903027307
59.85 2768.5759738053016
60.35 2514.3752055424548
60.85 2278.2540327984184
61.1 2188.040802998784
61.35 2051.8650927343333
61.85 1843.8776940463567
62.1 1778.9259873234644
62.26 1693.3346702012948
62.59 1569.7155049322205
62.92 1442.4217696845774
63.35 1274.7805845021348
63.85 1092.8469880787034
64.35 867.1531753599872
64.85 681.775221433767
65.35 494.16033586289046
65.85 272.4985817043899
66.35 61.08170457007205
100
-66.75 545.6322363486206
-66.25 778.5134123277691
-65.75 1055.0216843758406
-65.25 1908.3820121583212
-65.0 3165.638177871332
-64.75 3117.252311997845
-64.25 2986.5874483920898
-63.75 1273.412112556663
-63.25 3831.6882380244806
-62.75 2983.853948044898
-62.25 2997.1877693342394
-61.75 3055.5564873713047
-61.25 11849.715367651883
-60.75 12143.67602218845
-60.25 10120.473744703315
-59.75 10433.20377546041
-59.25 10765.185560362603
-58.75 11099.727817089532
-58.25 11453.605123773668
-57.75 9289.206722342566
-57.25 10206.50068495682
-56.75 10492.94637643841
-56.25 8676.986812467108
-55.75 18185.85175269373
-55.0 19441.949323254474
-54.0 20444.504133905753
-53.0 21339.268231257825
-52.0 20875.070193713895
-51.0 14077.173102626784
-50.25 15028.45643891481
-50.0 14158.35105157364
-49.5 14783.079622923999
-49.0 18764.261649142867
-48.75 19059.49342550496
-48.25 20476.29756036308
-47.75 20875.677102449583
-47.2 23841.867346581057
-45.95 25253.138781709866
-42.5 31463.915858871012
-37.5 40761.47257148812
-32.5 46039.607964773524
-27.5 49651.61437071827
-22.5 51671.01598411046
-17.5 53314.32547478553
-12.5 54130.798408031325
-7.5 54127.35602092482
-2.5 53336.55185860355
2.5 51817.020939910115
7.5 49617.21053361982
12.5 46789.15333944956
17.5 43376.61006071529
22.5 39408.494611778
27.5 34955.1958186664
32.5 30088.918178836095
37.5 24892.701007221644
42.5 19477.843408857087
47.35 14138.292712004302
50.0 11139.263372548927
50.6 10500.858979209637
51.2 9875.018079789463
51.8 9262.46366554125
52.4 8662.505529087099
53.0 8085.796678493249
53.6 7517.676120628332
54.2 6967.842481047979
54.8 6435.972406952337
55.4 5922.654380823229
56.0 5428.358433540964
56.6 4953.595705179665
57.2 4496.766692325209
57.8 4062.6242735080505
58.35 3690.3394329466905
58.85 3371.2072751412816
59.35 3071.6806417349662
59.85 2792.0864416350582
60.35 2532.75888853905
60.85 2292.5214060990056
61.1 2199.5386823263148
61.35 2062.9392336437954
61.85 1852.6316870059752
62.1 1786.0394288163525
62.26 1700.3906026244229
62.59 1575.988889101069
62.92 1448.1104719182295
63.35 1280.01797031182
63.85 1097.5517023867594
64.35 870.9402309885232
64.85 684.7516877738149
65.35 496.2609259886657
65.85 273.00406428129105
66.35 60.06149689230518
