0
-66.75 77.37092898327059
-66.25 105.06405397442904
-65.75 135.50665826555837
-65.25 215.37273024164242
-65.0 389.1499351482639
-64.75 377.23810322915733
-64.25 351.8777945579478
-63.75 71.41134022196425
-63.25 424.4422816522405
-62.75 284.0052621886272
-62.25 266.35573847815607
-61.75 249.0008071629727
-61.25 1616.0209005862612
-60.75 1647.6978441673546
-60.25 1345.8530586588568
-59.75 1378.9458112290743
-59.25 1415.6612950763267
-58.75 1454.2377587157634
-58.25 1497.2324163119608
-57.75 1158.1228569561636
-57.25 1296.899324967829
-56.75 1335.681280738847
-56.25 1038.533180073376
-55.75 2496.1323042541235
-55.0 2698.6325291473254
-54.0 2879.2379691360957
-53.0 3057.201551741994
-52.0 3050.1906561943592
-51.0 2093.3972869873346
-50.25 2305.3210142538924
-50.0 2194.7956112075267
-49.5 2341.6747646259387
-49.0 2992.149972672251
-48.75 3059.282286161579
-48.25 3317.327398069274
-47.75 3423.7133769598927
-47.2 3923.105661227573
-45.95 4275.922682905609
-42.5 5603.7512933285925
-37.5 7578.821243114404
-32.5 9015.563922406845
-27.5 10210.340721257106
-22.5 11172.036725951535
-17.5 12005.335484812376
-12.5 12613.465553368045
-7.5 12967.379174291334
-2.5 13053.377314580233
2.5 12873.929155889877
7.5 12441.61062628655
12.5 11775.230584378576
17.5 10899.699478380511
22.5 9840.531752549226
27.5 8632.078151020183
32.5 7315.46364154077
37.5 5937.080372684324
42.5 4550.587179070529
47.35 3256.072574160663
50.0 2557.88241371403
50.6 2413.208324589908
51.2 2271.3953955528923
51.8 2132.570948257444
52.4 1996.6747346741677
53.0 1864.9141061910002
53.6 1735.6513903661616
54.2 1609.9260099805335
54.8 1487.5506166186804
55.4 1368.4182045260382
56.0 1252.285920300016
56.6 1139.252035383901
57.2 1029.469508046555
57.8 923.6021353628926
58.35 830.7885956740826
58.85 749.8301306500119
59.35 672.4768279310265
59.85 598.9155413937317
60.35 529.237921177345
60.85 463.57360930024333
61.1 434.0609443024482
61.35 400.576357256111
61.85 342.8025614361241
62.1 318.4883497861241
62.26 298.7835898886201
62.59 265.5530322312365
62.92 232.61911797521236
63.35 192.88967491385972
63.85 151.41652670857084
64.35 109.57245459069594
64.85 76.47918992803224
65.35 47.65208452061747
65.85 19.954808949726864
10
-66.75 89.14347442911966
-66.25 121.53627277187624
-65.75 157.21654824563765
-65.25 247.33680805529758
-65.0 448.00632904623114
-64.75 433.82120299412304
-64.25 403.8761989192906
-63.75 79.07780443869545
-63.25 487.5712426036083
-62.75 325.2703028981018
-62.25 305.57788687592534
-61.75 286.689390629992
-61.25 1866.82923723436
-60.75 1901.5059907592404
-60.25 1550.1456466034992
-59.75 1585.5239781662938
-59.25 1624.5798552292426
-58.75 1665.2374113946446
-58.25 1710.466613546963
-57.75 1313.4235238258557
-57.25 1468.263295845073
-56.75 1507.032928188811
-56.25 1157.972771469159
-55.75 2834.9349444912427
-55.0 3057.564855669023
-54.0 3249.6787438983333
-53.0 3437.528242810906
-52.0 3411.0762864334033
-51.0 2303.2419366636473
-50.25 2536.5108937923956
-50.0 2414.8483501439146
-49.5 2576.8958957332716
-49.0 3298.560145582838
-48.75 3372.155126524818
-48.25 3659.1891136071004
-47.75 3774.998849095412
-47.2 4334.947869400032
-45.95 4722.004655038184
-42.5 6194.068713491432
-37.5 8390.202286026775
-32.5 9991.885683809878
-27.5 11335.679839722836
-22.5 12431.04732839099
-17.5 13388.05976497266
-12.5 14097.836154651708
-7.5 14526.457449600099
-2.5 14657.296524179723
2.5 14491.096019346089
7.5 14039.619256271908
12.5 13321.749193279637
17.5 12363.088735871557
22.5 11190.108369935291
27.5 9839.697713142654
32.5 8357.14840897789
37.5 6794.926569299537
42.5 5214.966993882772
47.35 3731.62956485665
50.0 2923.784619153608
50.6 2756.4993515355754
51.2 2592.5191124576336
51.8 2431.9792180628374
52.4 2274.703351921981
53.0 2122.7694655694263
53.6 1973.2283830829897
54.2 1827.9003980089649
54.8 1686.5177577967843
55.4 1548.972459890089
56.0 1415.0125320348611
56.6 1284.779917995976
57.2 1158.493420437986
57.8 1037.0378901992924
58.35 930.8457867168993
58.85 838.5189051975686
59.35 750.5585755813249
59.85 667.1594637012503
60.35 588.4051371775099
60.85 514.4244768068969
61.1 481.1520881661032
61.35 443.68761552178825
61.85 379.0300331530349
62.1 351.80432355185087
62.26 329.88508701204245
62.59 292.905154129198
62.92 256.3376566951614
63.35 212.33862955688502
63.85 166.52234813188073
64.35 120.41166218529949
64.85 84.03736001334542
65.35 52.398260851447915
65.85 22.05439776415735
20
-66.75 118.86519096030717
-66.25 163.02292061599746
-65.75 211.79579306268266
-65.25 328.29012353999343
-65.0 596.8256247543474
-64.75 577.0072927880674
-64.25 535.6205823672158
-63.75 98.65872087370586
-63.25 647.435892320489
-62.75 429.9662471037359
-62.25 405.0112878541347
-61.75 382.0685973642635
-61.25 2499.2353908326036
-60.75 2541.81791413448
-60.25 2066.0247444126676
-59.75 2107.660973361853
-59.25 2153.1873237292784
-58.75 2199.7315896516757
-58.25 2251.292043477985
-57.75 1708.7455345572691
-57.25 1904.8665706551587
-56.75 1944.3214647123884
-56.25 1464.4245678655552
-55.75 3696.9240249121276
-55.0 3971.833085640655
-54.0 4194.92845050084
-53.0 4409.5763771863385
-52.0 4335.430780253119
-51.0 2845.0328931117806
-50.25 3133.475198385214
-50.0 2984.29502997541
-49.5 3185.4973536088505
-49.0 4087.864478374672
-48.75 4178.18634077086
-48.25 4539.470921248002
-47.75 4679.84403042495
-47.2 5394.354561122033
-45.95 5869.86320584543
-42.5 7712.382409097309
-37.5 10475.821006872382
-32.5 12501.205573608118
-27.5 14226.904149297063
-22.5 15663.633770273917
-17.5 16935.0939712305
-12.5 17902.04325551871
-7.5 18518.6449661041
-2.5 18761.370046971297
2.5 18627.095483253965
7.5 18125.92356822374
12.5 17277.068432554224
17.5 16107.716074388487
22.5 14646.393480553705
27.5 12935.903175763735
32.5 11031.467926155723
37.5 9000.36108126835
42.5 6925.182316634502
47.35 4957.1150643081755
50.0 3868.0537372874232
50.6 3642.7236661116995
51.2 3421.8117901652645
51.8 3205.4754369677194
52.4 2993.254584942195
53.0 2789.3857908442114
53.6 2587.674653454511
54.2 2391.8775873574946
54.8 2201.5290836510635
55.4 2016.5200882800148
56.0 1836.5763093044086
56.6 1661.9510683304727
57.2 1493.0272606164783
57.8 1331.253146789132
58.35 1190.4187272011884
58.85 1068.6269981103026
59.35 953.1516277948731
59.85 844.213361300305
60.35 741.8806110491988
60.85 646.2866706101211
61.1 603.2349047951769
61.35 555.4305478679222
61.85 472.87800913229177
62.1 438.07708734679807
62.26 410.40675220867826
62.59 363.68521454725266
62.92 317.68172262222316
63.35 262.6046261248405
63.85 205.52912343529172
64.35 148.37183938380284
64.85 103.5137852378889
65.35 64.61243465660341
65.85 27.435171198588407
30
-66.75 158.9210873910231
-66.25 218.90585620225832
-65.75 285.2855484302925
-65.25 437.6498200923858
-65.0 797.7510747307383
-64.75 770.4009913486558
-64.25 713.6244168052344
-63.75 124.65098039526085
-63.25 863.4160368301314
-62.75 571.5060394148788
-62.25 539.4681269529844
-61.75 511.08733153850636
-61.25 3351.6603595413603
-60.75 3404.9023990196088
-60.25 2761.290509058946
-59.75 2811.391930553312
-59.25 2865.6798757658917
-58.75 2920.2035731006067
-58.25 2980.3402200620403
-57.75 2241.5721971942016
-57.25 2493.3574578097155
-56.75 2533.6808128488465
-56.25 1877.2298699944909
-55.75 4859.154020996787
-55.0 5204.464501032131
-54.0 5469.00741252291
-53.0 5719.253801703727
-52.0 5579.873399071277
-51.0 3575.5320520474147
-50.25 3938.590800325029
-50.0 3755.5128796716276
-49.5 4009.61245308082
-49.0 5149.163698837376
-48.75 5262.095817842536
-48.25 5722.8358195697165
-47.75 5896.643671611433
-47.2 6817.884496163399
-45.95 7412.592585137274
-42.5 9753.173617326005
-37.5 13280.178726096161
-32.5 15878.298652634334
-27.5 18121.041124032185
-22.5 20020.262124634788
-17.5 21716.02136764155
-12.5 23029.882457000032
-7.5 23901.151782105244
-2.5 24298.26038666638
2.5 24213.68442052618
7.5 23655.533867741804
12.5 22642.978282495926
17.5 21203.90329367118
22.5 19367.645122919606
27.5 17182.665674258456
32.5 14715.182633169126
37.5 12050.54658307597
42.5 9298.466342345524
47.35 6661.143991873654
50.0 5181.544083481674
50.6 4875.516629317338
51.2 4575.3960914435975
51.8 4281.374404439128
52.4 3992.599253667774
53.0 3716.3302329515805
53.6 3441.840479768956
54.2 3175.599769883383
54.8 2916.8750154541885
55.4 2665.5656820963413
56.0 2421.3799086580607
56.6 2184.732220907869
57.2 1956.23225686559
57.8 1738.1270988243928
58.35 1548.8989772921298
58.85 1385.9775950898552
59.35 1232.1194064775354
59.85 1087.5852360858278
60.35 952.426632689468
60.85 826.7889664216847
61.1 770.1200189331353
61.35 708.0231709058228
61.85 600.7063006686067
62.1 555.4032708367839
62.26 519.8245992594271
62.59 459.69252461504556
62.92 400.73382542304984
63.35 330.50256424060206
63.85 258.08087022863924
64.35 185.93701088169377
64.85 129.62303823659693
65.35 80.95214332384607
65.85 34.60658664577792
40
-66.75 204.89709558882498
-66.25 283.13494298629485
-65.75 369.8313497553631
-65.25 563.3874754988599
-65.0 1028.86763943391
-64.75 992.8476070002791
-64.25 918.2787730898036
-63.75 153.29402246798892
-63.25 1111.8270244705109
-62.75 734.2446596338343
-62.25 694.2749699711067
-61.75 660.0023249456415
-61.25 4331.598545765028
-60.75 4396.601593342146
-60.25 3559.243314226416
-59.75 3618.4165413853007
-59.25 3682.0280704455486
-58.75 3744.8791480624063
-58.25 3813.9356075558458
-57.75 2848.5122411022694
-57.25 3163.1785022382574
-56.75 3203.3142591823193
-56.25 2343.4444830310686
-55.75 6184.651740431078
-55.0 6608.510329677431
-54.0 6917.131629811611
-53.0 7204.435570541105
-52.0 6986.131916808005
-51.0 4398.242043757394
-50.25 4845.832151319743
-50.0 4630.131287313173
-49.5 4944.0644752164735
-49.0 6340.235081709703
-48.75 6478.758316773829
-48.25 7050.824041133143
-47.75 7262.821416431509
-47.2 8415.376955976946
-45.95 9144.43769799753
-42.5 12045.983978727863
-37.5 16435.80204515524
-32.5 19686.146198296545
-27.5 22519.990220812222
-22.5 24949.463445801845
-17.5 27129.39655515761
-12.5 28840.15775469533
-7.5 30006.420876574255
-2.5 30589.660240589998
2.5 30578.44894519322
7.5 29978.58891692213
12.5 28807.884524920944
17.5 27092.07392011661
22.5 24857.53596921566
27.5 22154.742831156025
32.5 19057.962445451354
37.5 15669.750004136904
42.5 12129.481528863356
47.35 8699.792121366525
50.0 6752.340521317248
50.6 6349.507169120819
51.2 5954.270837472206
51.8 5566.8705807373135
52.4 5185.972026053236
53.0 4822.5990912679845
53.6 4460.399520233606
54.2 4109.226454706164
54.8 3768.032267356685
55.4 3436.7472052637895
56.0 3115.086622224869
56.6 2803.6746358052337
57.2 2503.399037000568
57.8 2217.5031852004477
58.35 1970.103231140592
58.85 1757.8474036703542
59.35 1558.03634231705
59.85 1370.9791482400738
60.35 1196.7083473836194
60.85 1035.3882245225461
61.1 962.5052999932747
61.35 883.606809166027
61.85 747.1270998202383
62.1 689.4218934649905
62.26 644.6348394976412
62.59 568.8589853169686
62.92 494.8582845010314
63.35 407.1434990001062
63.85 317.1288610335093
64.35 227.94514658080504
64.85 158.71191877181255
65.35 99.09748688318248
65.85 42.53856358381261
50
-66.75 253.53751398214112
-66.25 351.22657042679657
-65.75 459.59128742697277
-65.25 696.7236763278668
-65.0 1274.1069548762068
-64.75 1228.8669010836697
-64.25 1135.2891186382715
-63.75 182.05572748472426
-63.25 1375.4075029581923
-62.75 906.8975029574527
-62.25 858.8705732290782
-61.75 818.9335465386255
-61.25 5370.669149435709
-60.75 5447.393948989443
-60.25 4403.37345074751
-59.75 4471.180036613301
-59.25 4543.570774191799
-58.75 4614.017754282772
-58.25 4691.18404859444
-57.75 3484.0619011466088
-57.25 3863.8729874591427
-56.75 3902.2908739042077
-56.25 2826.939861757597
-55.75 7574.88419950995
-55.0 8078.821061655201
-54.0 8429.554232669523
-53.0 8751.34620144525
-52.0 8445.031618349518
-51.0 5252.947617833385
-50.25 5789.208331801071
-50.0 5547.892375815735
-49.5 5924.3169539041455
-49.0 7570.343693593463
-48.75 7735.774242216507
-48.25 8422.022612388495
-47.75 8674.908781513379
-47.2 10063.748431094436
-45.95 10933.23758636498
-42.5 14417.060252200612
-37.5 19706.250520788144
-32.5 23643.343004609622
-27.5 27100.09405242196
-22.5 30087.52881920276
-17.5 32772.131529506376
-12.5 34896.73852975541
-7.5 36374.70338993554
-2.5 37163.818829588556
2.5 37250.394081257786
7.5 36637.84724261853
12.5 35340.70978335488
17.5 33378.29183694662
22.5 30768.2380411123
27.5 27556.57504883032
32.5 23819.259854894262
37.5 19671.591555756862
42.5 15281.857995547782
47.35 10979.06207649039
50.0 8508.296461818201
50.6 7996.954817282818
51.2 7494.963485341728
51.8 7002.623884861983
52.4 6518.054635786894
53.0 6056.639716735113
53.6 5595.542784501111
54.2 5148.54241013337
54.8 4714.253966634727
55.4 4292.672314352929
56.0 3883.5611595363584
56.6 3487.8027209110573
57.2 3106.606094158957
57.8 2744.374828452141
58.35 2431.5499024910227
58.85 2163.9393803124726
59.35 1912.6741579127174
59.85 1678.1175704864672
60.35 1460.2827270509065
60.85 1259.3617693453382
61.1 1168.426807031352
61.35 1071.1056915460658
61.85 902.5752380074904
62.1 831.1888386535584
62.26 776.4189138574329
62.59 683.6410224868631
62.92 593.3854030112775
63.35 486.92767780044375
63.85 378.2037436697524
64.35 271.09782317539265
64.85 188.4220351473426
65.35 117.52921250785735
65.85 50.52871965694882
60
-66.75 301.5560228100856
-66.25 418.6025919161556
-65.75 548.5507485163641
-65.25 828.8965134755524
-65.0 1517.300580157313
-64.75 1462.9350912090013
-64.25 1350.419832242737
-63.75 208.92810195008647
-63.25 1636.9410619045175
-62.75 1078.3731194797033
-62.25 1022.8465353329183
-61.75 978.0626973999367
-61.25 6399.308707740098
-60.75 6486.771987306498
-60.25 5236.7213609888
-59.75 5311.99067697037
-59.25 5391.885961825376
-58.75 5468.566114724939
-58.25 5552.39884454161
-57.75 4104.923585373763
-57.25 4547.796566014952
-56.75 4583.300459378589
-56.25 3296.5715147110036
-55.75 8935.512730971004
-55.0 9515.800807769248
-54.0 9904.247999581841
-53.0 10256.376845673538
-52.0 9860.51982196407
-51.0 6095.312813398903
-50.25 6720.229895868268
-50.0 6464.8802841840825
-49.5 6903.177432647959
-49.0 8770.476015833352
-48.75 8963.05691919357
-48.25 9758.7863984799
-47.75 10054.307086145145
-47.2 11666.73405745795
-45.95 12676.728380280965
-42.5 16730.9622064591
-37.5 22904.748710359087
-32.5 27524.717415136725
-27.5 31596.10139270903
-22.5 35127.52410631983
-17.5 38295.086443285116
-12.5 40813.38874420947
-7.5 42591.13622543657
-2.5 43587.96924935729
2.5 43790.8212227711
7.5 43201.09756352382
12.5 41827.91779576691
17.5 39679.028586159795
22.5 36756.149747831194
27.5 33092.11768420728
32.5 28755.120202171864
37.5 23865.16531641903
42.5 18615.099262614673
47.35 13402.42640237399
50.0 10376.611013615677
50.6 9749.815400428532
51.2 9134.040019703532
51.8 8529.668303691626
52.4 7934.248201200901
53.0 7367.868486276229
53.6 6800.748085668987
54.2 6250.909851973086
54.8 5716.642878765197
55.4 5198.050386184989
56.0 4694.998452350021
56.6 4208.672398106295
57.2 3740.6331404739626
57.8 3296.5543004066753
58.35 2913.637612306705
58.85 2586.84332699744
59.35 2280.658019090115
59.85 1995.504696413982
60.35 1731.380513748949
60.85 1488.5181562342648
61.1 1378.3933922631102
61.35 1261.7956964673392
61.85 1059.6327064248142
62.1 973.8244623118212
62.26 908.7269465397388
62.59 798.305061078695
62.92 691.2814739159954
63.35 565.6579871552378
63.85 437.9713894231259
64.35 312.93876839376634
64.85 216.98515965385954
65.35 135.08941289152153
65.85 58.006586743761744
70
-66.75 345.5260502313946
-66.25 480.4554963226127
-65.75 630.362337550355
-65.25 950.8251730154778
-65.0 1741.6069318341415
-64.75 1678.9146520971717
-64.25 1548.9391066689793
-63.75 232.27519229974547
-63.25 1878.59883092111
-62.75 1237.3028857659265
-62.25 1175.5186421797453
-61.75 1127.2567843429526
-61.25 7344.613672757256
-60.75 7440.988184377179
-60.25 5999.952768631957
-59.75 6080.967608646401
-59.25 6166.590621430758
-58.75 6247.790392487738
-58.25 6336.5421464598885
-57.75 4667.735346522424
-57.25 5167.492784224451
-56.75 5199.786573742433
-56.25 3723.466559133665
-55.75 10171.600982136279
-55.0 10819.99168728062
-54.0 11240.725612236001
-53.0 11619.092857854974
-52.0 11142.048599555073
-51.0 6889.4816402082315
-50.25 7599.679845471179
-50.0 7345.167017386361
-49.5 7841.901350998637
-49.0 9883.484580860728
-48.75 10102.68481907375
-48.25 10996.410365478943
-47.75 11335.893965899932
-47.2 13142.52630330448
-45.95 14288.680693553022
-42.5 18872.137922761467
-37.5 25868.864056863025
-32.5 31130.279109027477
-27.5 35765.80101988963
-22.5 39781.33306404705
-17.5 43363.77929201089
-12.5 46214.374832711714
-7.5 48247.21984438938
-2.5 49431.32368985464
2.5 49758.15427618667
7.5 49227.87791202529
12.5 47842.08292805128
17.5 45591.579472715435
22.5 42454.30116150693
27.5 38439.53960386551
32.5 33595.62206082634
37.5 28035.761491806534
42.5 21969.12042179314
47.35 15859.3800118415
50.0 12274.54329376691
50.6 11530.917900460467
51.2 10799.741756954038
51.8 10081.504547286786
52.4 9373.212321178728
53.0 8699.673574243283
53.6 8024.219688453227
54.2 7369.142152222947
54.8 6732.453096536812
55.4 6114.415532473458
56.0 5515.061270159239
56.6 4935.91630349299
57.2 4378.907478739561
57.8 3851.0155771536374
58.35 3396.3449523239046
58.85 3009.0535725858886
59.35 2646.7941427398464
59.85 2310.054389028944
60.35 1998.8233791038608
60.85 1713.3903279545489
61.1 1583.7077873517308
61.35 1447.7642943743779
61.85 1211.733930035602
62.1 1111.3261331066587
62.26 1035.9712590728752
62.59 907.9606826234055
62.92 784.3184352723156
63.35 639.8698685294211
63.85 493.7258382578384
64.35 351.50236127690704
64.85 242.99002529509684
65.35 150.84560625123538
65.85 64.48590008958217
80
-66.75 382.174042930821
-66.25 532.1697654025463
-65.75 698.9112783564531
-65.25 1053.878194116453
-65.0 1930.9574191669415
-64.75 1861.4318186834462
-64.25 1716.8633932916862
-63.75 250.93967432661768
-63.25 2083.459598761932
-62.75 1373.001318815648
-62.25 1306.847526403847
-61.75 1256.9696197355893
-61.25 8136.693450922127
-60.75 8239.441572836122
-60.25 6636.431746484903
-59.75 6721.103333265325
-59.25 6810.378610244417
-58.75 6894.264993637583
-58.25 6986.149536155138
-57.75 5132.3454241360505
-57.25 5679.20844341978
-56.75 5709.252185132477
-56.25 4082.6074889304755
-55.75 11194.886785211735
-55.0 11899.50097368309
-54.0 12347.196449952653
-53.0 12748.983173362683
-52.0 12209.989311457683
-51.0 7607.549460817961
-50.25 8396.944496525026
-50.0 8159.652465302823
-49.5 8709.010400306128
-49.0 10864.519892440227
-48.75 11109.236025251239
-48.25 12083.836656308444
-47.75 12468.413462466067
-47.2 14425.524574478724
-45.95 15700.213236141912
-42.5 20746.743744713374
-37.5 28463.34870374918
-32.5 34288.54139374652
-27.5 39395.07963038993
-22.5 43787.80794520296
-17.5 47670.40215353437
-12.5 50750.58936002838
-7.5 52960.841181905744
-2.5 54288.382004792606
2.5 54733.556976293126
7.5 54296.179705862945
12.5 52968.38973203082
17.5 50719.153974594454
22.5 47495.026805775786
27.5 43270.729618871635
32.5 38060.77181190892
37.5 31957.03984070305
42.5 25172.93273932518
47.35 18231.132621983204
50.0 14113.325243896094
50.6 13257.530084831766
51.2 12415.217452423432
51.8 11587.011048404325
52.4 10769.458725463513
53.0 9991.746423594172
53.6 9210.931130376412
54.2 8453.277584970763
54.8 7716.60838386217
55.4 7001.4022445015635
56.0 6307.925035573405
56.6 5638.070463039709
57.2 4994.127573962224
57.8 4384.339601946568
58.35 3859.536251023394
58.85 3413.169154555141
59.35 2996.1836005767686
59.85 2609.136273948455
60.35 2252.0199008187833
60.85 1925.197806345129
61.1 1776.4156521421016
61.35 1621.8533745073591
61.85 1353.102220993628
62.1 1238.5050437009672
62.26 1153.365652377304
62.59 1008.5064275258812
62.92 869.0291174040713
63.35 706.800369106102
63.85 543.37556563706
64.35 385.3150005242682
64.85 265.39656050564406
65.35 164.11258416472106
65.85 69.59032668199553
90
-66.75 408.77661302977174
-66.25 569.8846161016726
-65.75 749.0634047088464
-65.25 1130.9318176423267
-65.0 2072.028366590864
-64.75 1997.763481163343
-64.25 1842.674729375424
-63.75 264.3958868174997
-63.25 2237.5984766519086
-62.75 1476.7981041923094
-62.25 1408.7041166804559
-61.75 1359.4617263961666
-61.25 8717.203698415791
-60.75 8823.283669624328
-60.25 7099.0985740706155
-59.75 7185.170261456826
-59.25 7275.945704243991
-58.75 7360.79277525213
-58.25 7454.234374986144
-57.75 5466.587601737678
-57.25 6048.081532917374
-56.75 6078.2649910427035
-56.25 4355.620152483806
-55.75 11934.312516217398
-55.0 12680.923523354999
-54.0 13151.39340645137
-53.0 13576.024992754757
-52.0 13004.69204649082
-51.0 8230.904734716461
-50.25 9091.416970376635
-50.0 8887.047200813093
-49.5 9481.419128261152
-49.0 11684.213059864383
-48.75 11952.928043516462
-48.25 12987.45224119672
-47.75 13418.031092397352
-47.2 15471.89071102323
-45.95 16865.214317089474
-42.5 22290.109606497284
-37.5 30591.151123690903
-32.5 36870.42069688718
-27.5 42316.05151456597
-22.5 46936.25398431324
-17.5 50962.98532798915
-12.5 54134.09201720499
-7.5 56415.47859097057
-2.5 57821.77743117976
2.5 58366.12301608845
7.5 58048.502441637436
12.5 56850.02473543696
17.5 54714.13516573271
22.5 51549.75299697854
27.5 47286.46179232861
32.5 41890.16001368179
37.5 35414.65894583224
42.5 28062.195823141898
47.35 20402.577331897715
50.0 15806.901856330842
50.6 14849.456047051159
51.2 13905.99734790863
51.8 12977.312751130625
52.4 12059.624122483558
53.0 11185.82301950395
53.6 10307.81256382394
54.2 9455.239617051131
54.8 8625.856081538794
55.4 7820.412592755435
56.0 7039.477029306891
56.6 6285.325300577345
57.2 5560.588074844177
57.8 4874.647362415201
58.35 4284.568950070615
58.85 3783.235782990423
59.35 3315.3272340826843
59.85 2881.472007872599
60.35 2481.680991803705
60.85 2116.408611498219
61.1 1949.7984276238246
61.35 1778.0913990230092
61.85 1479.079140916065
62.1 1351.2736707811348
62.26 1257.1868426080007
62.59 1096.848482450144
62.92 942.8896237668125
63.35 764.5339794788147
63.85 585.5590846232438
64.35 413.483990519662
64.85 283.6091654877411
65.35 174.51120466081997
65.85 73.0971343999286
100
-66.75 423.5304224888896
-66.25 591.0179619642075
-65.75 777.3614987195587
-65.25 1177.3565310247125
-65.0 2156.0798870215817
-64.75 2079.5967663082865
-64.25 1918.9201611058936
-63.75 272.83746729983585
-63.25 2332.028388798856
-62.75 1543.2647337445883
-62.25 1476.0275942362045
-61.75 1429.908311537914
-61.25 9047.298695623673
-60.75 9153.436757966048
-60.25 7356.873184768516
-59.75 7442.148827877971
-59.25 7532.432766930385
-58.75 7616.8413296338895
-58.25 7710.706486729704
-57.75 5650.7068498156395
-57.25 6252.946102789597
-56.75 6287.080231175277
-56.25 4533.257543024004
-55.75 12345.800279139074
-55.0 13119.466654206662
-54.0 13610.573986108147
-53.0 14060.385569987213
-52.0 13494.676318570533
-51.0 8751.070736212241
-50.25 9673.387359764105
-50.0 9514.680916222682
-49.5 10145.38633343784
-49.0 12330.941802561638
-48.75 12621.83788216745
-48.25 13693.862697283355
-47.75 14170.88365096535
-47.2 16263.859197795733
-45.95 17764.488939355117
-42.5 23472.80479358446
-37.5 32203.05251136356
-32.5 38802.4874797271
-27.5 44425.41650714309
-22.5 49090.79427519145
-17.5 53075.62954452259
-12.5 56173.5552814983
-7.5 58399.967707629075
-2.5 59805.366235458314
2.5 60418.186909279815
7.5 60238.191187365665
12.5 59234.2991408109
17.5 57322.70867812767
22.5 54370.82281672926
27.5 50254.11502553605
32.5 44875.391312410844
37.5 38232.54173691953
42.5 30498.95136845281
47.35 22275.808022386453
50.0 17281.846826471585
50.6 16238.235154557202
51.2 15208.495309156982
51.8 14193.605678519527
52.4 13189.62850066148
53.0 12232.237580953266
53.6 11269.682609874613
54.2 10334.174726419875
54.8 9423.533202212053
55.4 8538.832184238852
56.0 7681.003125501617
56.6 6852.705224099658
57.2 6056.876332280973
57.8 5303.848855353266
58.35 4656.167175382947
58.85 4106.310929838276
59.35 3593.412336890597
59.85 3118.173854989942
60.35 2680.640361576173
60.85 2281.3716928062736
61.1 2098.918723693415
61.35 1912.1643285325401
61.85 1586.4653979874406
62.1 1446.9308031725716
62.26 1345.0272475527274
62.59 1171.0983090063323
62.92 1004.4704993624034
63.35 812.1090601710649
63.85 619.7168360560102
64.35 435.7452125780883
64.85 297.5154801471908
65.35 182.00267574682067
65.85 74.97043133101715
110
-66.75 425.82312866371984
-66.25 594.6524304056148
-65.75 782.5403515138287
-65.25 1191.7307577175793
-65.0 2180.295532663154
-64.75 2104.3071093077224
-64.25 1943.3644260627784
-63.75 277.13644564695824
-63.25 2364.0940406620716
-62.75 1571.0658834326211
-62.25 1507.6165034037283
-61.75 1467.143816723481
-61.25 9113.479833518217
-60.75 9216.480494572124
-60.25 7399.338238415501
-59.75 7481.912358443134
-59.25 7570.101954187804
-58.75 7653.190436385285
-58.25 7746.978391712867
-57.75 5680.449734407798
-57.25 6289.660684410811
-56.75 6332.775830463313
-56.25 4616.783462619855
-55.75 12419.125121892916
-55.0 13205.98688319747
-54.0 13718.305211886809
-53.0 14198.780871101197
-52.0 13681.574445563605
-51.0 9169.147006396202
-50.25 10143.451729940529
-50.0 10038.308158475607
-49.5 10696.39214138109
-49.0 12810.60211288953
-48.75 13121.617293517504
-48.25 14209.84102690155
-47.75 14732.850346293739
-47.2 16810.467348700342
-45.95 18406.22555499231
-42.5 24302.138426093155
-37.5 33301.59442224549
-32.5 40074.45002462361
-27.5 45697.04812001563
-22.5 50208.67914471586
-17.5 53951.9261955263
-12.5 56801.86180402759
-7.5 58839.334266787024
-2.5 60157.53646134239
2.5 60800.48330307577
7.5 60765.85870253629
12.5 60009.689906688895
17.5 58421.69506124435
22.5 55827.03016859584
27.5 52040.58678944904
32.5 46888.9943878852
37.5 40296.632493620964
42.5 32389.593184344547
47.35 23782.40003849281
50.0 18486.33115728465
50.6 17375.455887036165
51.2 16277.685616211971
51.8 15194.214052327685
52.4 14121.124025425666
53.0 13095.813316547697
53.6 12064.57085709413
54.2 11061.231089582867
54.8 10083.821759448008
55.4 9133.78224973012
56.0 8212.456566099434
56.6 7322.8751069153195
57.2 6468.238985955032
57.8 5659.601399967726
58.35 4964.036342405634
58.85 4373.795671069647
59.35 3823.388469766429
59.85 3313.5913740272563
60.35 2844.498790761265
60.85 2416.785933764235
61.1 2221.0057059496794
61.35 2021.7336993755573
61.85 1673.717361712417
62.1 1524.3028658600151
62.26 1415.9081852326112
62.59 1230.6352623965558
62.92 1053.458153682896
63.35 849.5032434830227
63.85 646.0535034310966
64.35 452.4191398587624
64.85 307.4515294014502
65.35 186.87012670882578
65.85 75.368948703208
120
-66.75 416.3663795680169
-66.25 581.7289120265101
-65.75 765.7887444320817
-65.25 1176.1643526160929
-65.0 2148.410614648272
-64.75 2075.5484193199054
-64.25 1919.5026736458371
-63.75 278.64236443794874
-63.25 2338.0799963765357
-62.75 1563.2686086900574
-62.25 1506.3881554624666
-61.75 1473.8783023711687
-61.25 8930.492417974263
-60.75 9027.551813752123
-60.25 7239.02097682225
-59.75 7317.4815801479745
-59.25 7402.551419921097
-58.75 7484.088405033932
-58.25 7578.0470128522165
-57.75 5568.29130542063
-57.25 6172.372176624345
-56.75 6230.301188459351
-56.25 4617.827790732315
-55.75 12180.726154695476
-55.0 12969.696659777077
-54.0 13506.729548425494
-53.0 14026.133113784992
-52.0 13600.534944550292
-51.0 9493.791114088122
-50.25 10510.386326973945
-50.0 10460.853397576788
-49.5 11137.858864167616
-49.0 13143.52975953479
-48.75 13472.366682906248
-48.25 14558.996813724698
-47.75 15126.161016749656
-47.2 17143.92824951964
-45.95 18822.080286428933
-42.5 24818.07917241984
-37.5 33937.726073916594
-32.5 40738.81572331099
-27.5 46186.13612080609
-22.5 50349.28135185086
-17.5 53657.84760979016
-12.5 56091.73396203594
-7.5 57812.18088969621
-2.5 58959.8598855372
2.5 59592.01331345121
7.5 59700.63214742463
12.5 59228.56582789489
17.5 58042.483220237315
22.5 55927.9556595006
27.5 52635.758027670694
32.5 47905.559746915984
37.5 41572.46918518453
42.5 33698.15605500221
47.35 24892.380013355396
50.0 19396.587763973705
50.6 18238.733320141906
51.2 17092.606874706864
51.8 15959.634103235541
52.4 14836.089115162029
53.0 13760.038038107916
53.6 12677.473920784134
54.2 11622.912718868174
54.8 10594.716684506455
55.4 9594.717108227127
56.0 8624.701055009971
56.6 7688.045961322519
57.2 6788.167776360608
57.8 5936.598672359649
58.35 5203.901736331386
58.85 4582.267639213056
59.35 4002.613992636712
59.85 3465.7907009434184
60.35 2971.9551806026216
60.85 2521.9025097585195
61.1 2315.5933248054116
61.35 2106.5281516840205
61.85 1740.9494858098317
62.1 1583.7023997375402
62.26 1470.220076754944
62.59 1276.0106857273975
62.92 1090.5309640600096
63.35 877.4890871798375
63.85 665.3860145749784
64.35 464.27175626051456
64.85 314.0881093898523
65.35 189.64029783895248
65.85 74.62039417679225
130
-66.75 397.1840249330534
-66.25 555.0381266833674
-65.75 730.7458577370918
-65.25 1136.1907946216868
-65.0 2070.5608330757586
-64.75 2003.085274586452
-64.25 1856.3626707718597
-63.75 278.83415382273967
-63.25 2264.9409580308616
-62.75 1527.033594058653
-62.25 1479.0274732149157
-61.75 1456.3045789542782
-61.25 8541.090243689388
-60.75 8630.081052952974
-60.25 6911.145443479565
-59.75 6984.720218071523
-59.25 7066.336934571788
-58.75 7146.779361742437
-58.25 7241.902153118923
-57.75 5342.657916715227
-57.25 5932.546875727471
-56.75 6011.245585876256
-56.25 4556.575615314215
-55.75 11692.140835903852
-55.0 12476.1727163666
-54.0 13043.876990479765
-53.0 13612.034656975999
-52.0 13315.618874024787
-51.0 9738.208618024744
-50.25 10787.988954022321
-50.0 10790.421270182256
-49.5 11479.042913746778
-49.0 13359.116299528252
-48.75 13703.237987248394
-48.25 14775.7176585805
-47.75 15383.457462946384
-47.2 17312.089055428765
-45.95 19059.4547689958
-42.5 25084.123169543163
-37.5 34200.459169594506
-32.5 40902.50984598817
-27.5 46024.06210412465
-22.5 49672.62979193762
-17.5 52383.04221536667
-12.5 54258.59351245334
-7.5 55554.022743530506
-2.5 56460.50169379278
2.5 57043.90173394661
7.5 57285.28327425755
12.5 57114.34734403033
17.5 56380.39780663338
22.5 54834.93851909597
27.5 52163.885951261305
32.5 48012.25337225684
37.5 42113.847847406
42.5 34452.66869348013
47.35 25618.282595216846
50.0 20019.68986271465
50.6 18834.252674404495
51.2 17658.678489159145
51.8 16494.63129771471
52.4 15338.714353480906
53.0 14228.746402661314
53.6 13111.842241762732
54.2 12022.378848778217
54.8 10959.146218476384
55.4 9924.374403387395
56.0 8920.30042619328
56.6 7950.614131297569
57.2 7018.89814757081
57.8 6136.939497688064
58.35 5377.767400642249
58.85 4733.650718126242
59.35 4132.945033427971
59.85 3576.571003937348
60.35 3064.758570500282
60.85 2598.4209927948177
61.1 2384.3850480244
61.35 2168.191820816725
61.85 1789.7449105354217
62.1 1626.7153906944634
62.26 1509.505248260746
62.59 1308.7167893825065
62.92 1117.1192278322894
63.35 897.3930893049891
63.85 678.9108854085662
64.35 472.3096554409373
64.85 318.25986224414095
65.35 190.95683178890454
65.85 73.16063315060717
140
-66.75 371.48132003638335
-66.25 519.0469616215638
-65.75 683.2812116352261
-65.25 1080.2596438578262
-65.0 1962.4208269300505
-64.75 1901.9274898790006
-64.25 1767.6433330622215
-63.75 278.9095436553995
-63.25 2161.204214931894
-62.75 1472.7093163551701
-62.25 1435.045206570832
-61.75 1423.1204851200653
-61.25 8013.157625858555
-60.75 8092.867665683007
-60.25 6471.28197057882
-59.75 6539.901125604346
-59.25 6618.425949994803
-58.75 6698.814846481151
-58.25 6796.654550136349
-57.75 5045.36002858
-57.25 5615.980868981767
-56.75 5720.498497873625
-56.25 4458.481645026079
-55.75 11044.523893289923
-55.0 11821.090896452626
-54.0 12426.376976428412
-53.0 13052.338522886977
-52.0 12910.580789257487
-51.0 9916.90858433467
-50.25 10991.67617753396
-50.0 11038.027774106075
-49.5 11732.570436936221
-49.0 13489.382001474018
-48.75 13846.039396339966
-48.25 14897.771513048958
-47.75 15540.695434758338
-47.2 17368.566816986495
-45.95 19171.65288058563
-42.5 25174.954643079935
-37.5 34201.33815845162
-32.5 40711.50874667641
-27.5 45404.22033080729
-22.5 48427.34306085841
-17.5 50430.86883839209
-12.5 51651.99748197995
-7.5 52448.942325475306
-2.5 53065.39328207211
2.5 53570.38882877479
7.5 53928.06959204517
12.5 54055.196451767755
17.5 53790.50404663082
22.5 52858.41052867657
27.5 50881.52025184072
32.5 47406.649727926604
37.5 42060.4633832456
42.5 34742.84686836054
47.35 26013.1423762529
50.0 20391.83613295025
50.6 19195.1371736398
51.2 18006.151086524635
51.8 16826.773286189025
52.4 15654.02115509479
53.0 14524.805889457686
53.6 13388.348563181553
54.2 12278.290915604266
54.8 11193.896081780993
55.4 10137.775907207708
56.0 9112.596663753035
56.6 8122.317194722712
57.2 7170.642746448087
57.8 6269.434722480434
58.35 5493.284554543425
58.85 4834.636238174564
59.35 4220.205171258392
59.85 3650.9779944798283
60.35 3127.260795903158
60.85 2650.076791283639
61.1 2430.8525052394352
61.35 2209.903424023125
61.85 1822.8020244279114
62.1 1655.8533459062717
62.26 1536.121956448869
62.59 1330.8654722924418
62.92 1135.0994362847928
63.35 910.8123446465703
63.85 687.9464955093632
64.35 477.56028722983814
64.85 320.7798806831449
65.35 191.43552093385085
65.85 71.44548577105178
150
-66.75 343.43514901217145
-66.25 479.6167999181873
-65.75 631.134758123944
-65.25 1018.8964785459461
-65.0 1843.7630539499344
-64.75 1790.8881384860724
-64.25 1670.2984443510848
-63.75 279.4708663149524
-63.25 2047.176986610863
-62.75 1412.439719363692
-62.25 1385.3732489831355
-61.75 1384.1189988660058
-61.25 7434.957674912099
-60.75 7505.284223478085
-60.25 5991.559369591465
-59.75 6055.811997236292
-59.25 6132.147596776907
-58.75 6213.796624593584
-58.25 6316.004491609716
-57.75 4727.6170853092935
-57.25 5278.19669131606
-56.75 5411.207050705749
-56.25 4350.102537627644
-55.75 10350.071360814834
-55.0 11120.52140256148
-54.0 11768.440484891382
-53.0 12456.893598913244
-52.0 12476.403376817962
-51.0 10043.008227231705
-50.25 11135.632640367026
-50.0 11215.45905005688
-49.5 11912.050190043883
-49.0 13563.166512603006
-48.75 13929.482785396838
-48.25 14959.472675287452
-47.75 15630.683845916263
-47.2 17363.060699459864
-45.95 19208.373003159806
-42.5 25163.71702795574
-37.5 34056.73099087439
-32.5 40330.46525200296
-27.5 44559.383145933825
-22.5 46927.45363604797
-17.5 48196.60712859493
-12.5 48736.18071163553
-7.5 49011.68958851915
-2.5 49320.53053324905
2.5 49730.745502807404
7.5 50184.64309344326
12.5 50586.41463952313
17.5 50770.35871020653
22.5 50440.42273216845
27.5 49159.66082537542
32.5 46379.35812209348
37.5 41622.4597286367
42.5 34707.798957884894
47.35 26161.747704216064
50.0 20571.763475633947
50.6 19375.30775311071
51.2 18184.401313935796
51.8 17001.148132535895
52.4 15822.997862225138
53.0 14685.625127794458
53.6 13540.78549733164
54.2 12421.080793404986
54.8 11326.234690046098
55.4 10259.19727206031
56.0 9223.013379293261
56.6 8221.860104776213
57.2 7259.527676750427
57.8 6347.832786793152
58.35 5562.220833573359
58.85 4895.355429765313
59.35 4273.043315830217
59.85 3696.3291764052606
60.35 3165.5913294607153
60.85 2681.948067202859
61.1 2459.6006596882025
61.35 2235.8006646857766
61.85 1843.4578345387613
62.1 1674.115879616111
62.26 1552.8364269116655
62.59 1344.82773724884
62.92 1146.4770920953592
63.35 919.3460329599097
63.85 693.7098081908732
64.35 480.8943242486423
64.85 322.29256981746147
65.35 191.54536439280858
65.85 69.85738396566468
160
-66.75 317.89667946923674
-66.25 443.6008618306596
-65.75 583.3992761557618
-65.25 963.544241380326
-65.0 1736.4303918623414
-64.75 1690.5746179071343
-64.25 1582.6064800854865
-63.75 280.4653551406247
-63.25 1944.5379507615687
-62.75 1358.4596380994901
-62.25 1340.7255139591546
-61.75 1348.6279185205335
-61.25 6908.294022976015
-60.75 6970.40217981597
-60.25 5555.29161131487
-59.75 5616.261757161741
-59.25 5691.510646063319
-58.75 5775.438380058003
-58.25 5882.964239373286
-57.75 4444.759127506798
-57.25 4978.390106408574
-56.75 5138.385830504897
-56.25 4255.023072162398
-55.75 9730.485279680812
-55.0 10498.135137975896
-54.0 11187.932094829359
-53.0 11934.889254916981
-52.0 12097.937511053831
-51.0 10126.619722250043
-50.25 11231.042776265504
-50.0 11333.514206669435
-49.5 12030.052596350426
-49.0 13602.415945873727
-48.75 13975.507780627606
-48.25 14987.17972963871
-47.75 15678.846940670008
-47.2 17334.476929016633
-45.95 19208.97956140371
-42.5 25111.885531993274
-37.5 33871.45702102471
-32.5 39919.917324780254
-27.5 43731.33041931821
-22.5 45516.00045182516
-17.5 46128.99805183369
-12.5 46053.457648665724
-7.5 45854.12621193951
-2.5 45880.033048243444
2.5 46197.09397572777
7.5 46724.60643570493
12.5 47355.16150098988
17.5 47922.38999267033
22.5 48114.93875132264
27.5 47443.86076724438
32.5 45277.16024422399
37.5 41049.67782882707
42.5 34513.02375103069
47.35 26165.192969498396
50.0 20629.515143412365
50.6 19439.0782711955
51.2 18252.324779341805
51.8 17071.526449668974
52.4 15894.511357674917
53.0 14755.741607195008
53.6 13609.3414122481
54.2 12486.879365590941
54.8 11388.465999989983
55.4 10317.318856298067
56.0 9276.78075981282
56.6 8271.190088153613
57.2 7304.391467801553
57.8 6388.105483980184
58.35 5598.155557964073
58.85 4927.414086525744
59.35 4301.277353323439
59.85 3720.83615881236
60.35 3186.5287238164183
60.85 2699.5471402064527
61.1 2475.560935462387
61.35 2250.266991745943
61.85 1855.1390917332105
62.1 1684.5135231999398
62.26 1562.3907158034306
62.59 1352.8796525094963
62.92 1153.1027789256063
63.35 924.3852447458942
63.85 697.1710124261587
64.35 482.93189096141964
64.85 323.2065751321316
65.35 191.55570122030755
65.85 68.6418917243109
170
-66.75 299.84286716239245
-66.25 418.0797884507649
-65.75 549.5165909987481
-65.25 924.9658250782597
-65.0 1661.3704686198444
-64.75 1620.5435362131925
-64.25 1521.5892111224944
-63.75 281.41474516240675
-63.25 1873.2323548898582
-62.75 1321.2867018332
-62.25 1310.0153355458663
-61.75 1324.147257658825
-61.25 6536.4295192302825
-60.75 6592.826315417381
-60.25 5247.344405617285
-59.75 5306.352119894096
-59.25 5381.3487712563765
-58.75 5467.5721419632955
-58.25 5579.705758000749
-57.75 4248.893327938302
-57.25 4771.4268246380925
-56.75 4951.263118586204
-56.25 4190.9374342426
-55.75 9300.811826587636
-55.0 10068.360521081326
-54.0 10789.876327891314
-53.0 11579.472767411002
-52.0 11842.502472407676
-51.0 10174.408821367688
-50.25 11285.492740946736
-50.0 11400.722245474
-49.5 12096.57867870598
-49.0 13621.180246627318
-48.75 13998.257766550125
-48.25 14997.93743616667
-47.75 15701.875181775584
-47.2 17308.398253954914
-45.95 19199.872189047877
-42.5 25063.673165810353
-37.5 33726.61848086634
-32.5 39614.00157019083
-27.5 43134.38692175216
-22.5 44512.80334883227
-17.5 44665.231725423255
-12.5 44152.292474792026
-7.5 43611.43848283261
-2.5 43432.09488726671
2.5 43679.322552612626
7.5 44254.36714050869
12.5 45040.93088510981
17.5 45873.04625721998
22.5 46428.823142462614
27.5 46181.97207174106
32.5 44442.26259815908
37.5 40585.028316784956
42.5 34317.834552628905
47.35 26120.150837176014
50.0 20631.807929479823
50.6 19447.67077242959
51.2 18265.948396044612
51.8 17089.022058255214
52.4 15914.978658872053
53.0 14777.406256831107
53.6 13632.099675960242
54.2 12509.878479803792
54.8 11411.111381836678
55.4 10339.18808496092
56.0 9297.642516666952
56.6 8290.912261430147
57.2 7322.871884118237
57.8 6405.15563503566
58.35 5613.708352648527
58.85 4941.550929267249
59.35 4313.942708075345
59.85 3732.004507240166
60.35 3196.214197482245
60.85 2707.810862398432
61.1 2483.112165301819
61.35 2257.1675361526704
61.85 1860.804783403119
62.1 1689.604125429396
62.26 1567.0936488328414
62.59 1356.891494934587
62.92 1156.4489396646463
63.35 926.9795942226056
63.85 698.9978402079333
64.35 484.040411916919
64.85 323.7167164445599
65.35 191.56255784748902
65.85 67.90369111400523
180
-66.75 293.2925849102674
-66.25 408.8081704799121
-65.75 537.1956969112424
-65.25 911.1154965451318
-65.0 1634.3601574644151
-64.75 1595.372979596646
-64.25 1499.706636981427
-63.75 281.8025512862716
-63.25 1847.6896545693132
-62.75 1308.0542174517548
-62.25 1299.1012534154454
-61.75 1315.447188361931
-61.25 6401.691917046499
-60.75 6456.027542350494
-60.25 5135.749141479055
-59.75 5194.117043528132
-59.25 5269.132084416851
-58.75 5356.3383120244625
-58.25 5470.332316519455
-57.75 4178.747918015984
-57.25 4697.453738820555
-56.75 4884.656974388895
-56.25 4168.419959501019
-55.75 9146.816062946866
-55.0 9914.746146929147
-54.0 10648.230137023593
-53.0 11453.57150049565
-52.0 11752.556893940977
-51.0 10189.968397784947
-50.25 11303.198935603115
-50.0 11422.506038190906
-49.5 12118.02236123314
-49.0 13626.714121575065
-48.75 14005.103169020009
-48.25 15000.634347834572
-47.75 15708.648372777354
-47.2 17298.34274800314
-45.95 19195.363838704845
-42.5 25044.8225431414
-37.5 33672.66477452553
-32.5 39501.65256319063
-27.5 42917.55095007174
-22.5 44149.899167382995
-17.5 44135.69514552861
-12.5 43463.042207729035
-7.5 42796.43834913952
-2.5 42541.09060758176
2.5 42762.1106457959
7.5 43353.841727386105
12.5 44196.52937404212
17.5 45124.37844243662
22.5 45811.51531279962
27.5 45717.77803110934
32.5 44131.83139516048
37.5 40407.97141764556
42.5 34238.51703669301
47.35 26096.603861468517
50.0 20626.725818714953
50.6 19445.176567142847
51.2 18265.59203398938
51.8 17090.391215778687
52.4 15917.753475585147
53.0 14780.949040499092
53.6 13636.374334495511
54.2 12514.576356900685
54.8 11416.014575182564
55.4 10344.138131015763
56.0 9302.546798007283
56.6 8295.711732259057
57.2 7327.517062985926
57.8 6409.563039586662
58.35 5617.816081215296
58.85 4945.35075235536
59.35 4317.400401172317
59.85 3735.09649703596
60.35 3198.930568817569
60.85 2710.1580336138577
61.1 2485.2706600195665
61.35 2259.153134990709
61.85 1862.457315389662
62.1 1691.1002311789757
62.26 1568.4816999745533
62.59 1358.0870124867515
62.92 1157.4566427444697
63.35 927.7724245850686
63.85 699.5668152869372
64.35 484.39379912308124
64.85 323.88378286560015
65.35 191.56830622778745
65.85 67.65915761294043
