0
-66.75 457.9706158494293
-66.25 621.620423357282
-65.75 801.4778619441494
-65.25 1275.2757004242244
-65.0 2303.643864241613
-64.75 2233.391946075075
-64.25 2083.680974229944
-63.75 424.42105172975516
-63.25 2513.153704301093
-62.75 1682.1539713579234
-62.25 1577.3300222844036
-61.75 1473.9945053525944
-61.25 9562.754670983457
-60.75 9751.261596971046
-60.25 7966.574359888608
-59.75 8163.972103966696
-59.25 8383.084574620312
-58.75 8613.508439182484
-58.25 8870.365630641456
-57.75 6866.57517996363
-57.25 7690.776513982521
-56.75 7923.550156186131
-56.25 6168.258039157591
-55.75 14797.492126607507
-55.0 16001.954424587202
-54.0 17079.677012138494
-53.0 18142.400154795716
-52.0 18110.806359739207
-51.0 12450.098651760085
-50.25 13710.425759051164
-50.0 13053.217263271717
-49.5 13926.518171646545
-49.0 17791.717020526492
-48.75 18191.11697453534
-48.25 19724.10196539511
-47.75 20357.48248675827
-47.2 23321.858215906846
-45.95 25420.766277843868
-42.5 33311.75379171326
-37.5 45045.662174610465
-32.5 53579.20306268259
-27.5 60669.2540078587
-22.5 66368.80284565152
-17.5 71303.10183135764
-12.5 74897.95554626122
-7.5 76981.68744006885
-2.5 77473.69591119591
2.5 76389.75612237917
7.5 73805.79382191651
12.5 69834.64336468474
17.5 64625.39688672108
22.5 58330.61584000023
27.5 51155.02873784273
32.5 43343.136877075034
37.5 35170.031602203344
42.5 26953.25316839298
47.35 19285.818771026465
50.0 15154.602482866561
50.6 14298.497074738887
51.2 13459.321666361744
51.8 12637.836666010267
52.4 11833.742944770946
53.0 11053.817063614986
53.6 10288.938021080252
54.2 9544.922825071353
54.8 8820.690627341848
55.4 8115.599976431034
56.0 7428.19872909611
56.6 6759.053227387768
57.2 6109.045856106511
57.8 5482.042593266044
58.35 4932.195840710918
58.85 4452.4196565432785
59.35 3993.871819237091
59.85 3557.669861819509
60.35 3144.3686018410986
60.85 2754.746852534762
61.1 2579.6432021789606
61.35 2380.824009521406
61.85 2037.7924684073723
62.1 1893.4341087449136
62.26 1776.3674887167324
62.59 1578.9511467207603
62.92 1383.2541551725476
63.35 1147.1182402461818
63.85 900.5592559556852
64.35 651.7354375818509
64.85 454.8995665957252
65.35 283.41482606913274
65.85 118.62207847094105
10
-66.75 528.9820467404031
-66.25 720.9781917151707
-65.75 932.4273542302234
-65.25 1468.056740118932
-65.0 2658.616970391277
-64.75 2574.650314673038
-64.25 2397.2916096816693
-63.75 470.7734626882101
-63.25 2893.8924260438903
-62.75 1931.033887108995
-62.25 1813.8783401957257
-61.75 1701.2747686615521
-61.25 11075.53772041542
-60.75 11282.16309930909
-60.25 9198.866974154116
-59.75 9410.086356961827
-59.25 9643.358517674906
-58.75 9886.3873410802
-58.25 10156.785779258762
-57.75 7803.6744181769645
-57.25 8724.850918452146
-56.75 8957.665077444957
-56.25 6889.42303864993
-55.75 16841.723147234014
-55.0 18167.801854377707
-54.0 19315.275342402416
-53.0 20438.02184364694
-52.0 20289.652150533202
-51.0 13717.887936005658
-50.25 15107.15086906819
-50.0 14382.277980061026
-49.5 15347.196564699156
-49.0 19643.081107222628
-48.75 20081.53136782297
-48.25 21789.646907123843
-47.75 22479.971385891713
-47.2 25810.097736635726
-45.95 28115.938014070165
-42.5 36878.26460249198
-37.5 49947.39570502569
-32.5 59476.80027491375
-27.5 67466.1157008176
-22.5 73971.86819767822
-17.5 79652.2987763351
-12.5 83859.92823497605
-7.5 86393.58219451892
-2.5 87154.87007939607
2.5 86149.09409791227
7.5 83447.29485375795
12.5 79162.86496123511
17.5 73449.31794256136
22.5 66465.29399963199
27.5 58431.194197155746
32.5 49617.01484341943
37.5 40334.75999490338
42.5 30951.989206691967
47.35 22147.63551281233
50.0 17356.661481524923
50.6 16364.51994815279
51.2 15391.98673451152
51.8 14439.869998850205
52.4 13507.174723668966
53.0 12605.895097213099
53.6 11719.049090303144
54.2 10857.133177447511
54.8 10018.583105744756
55.4 9202.74972798581
56.0 8408.123552523382
56.6 7635.53216411544
57.2 6886.253399137622
57.8 6165.4782861126505
58.35 5535.143117050515
58.85 4986.960094001859
59.35 4464.576832723091
59.85 3969.157997104595
60.35 3501.209906393042
60.85 3061.506763794932
61.1 2863.7648438880587
61.35 2640.9619832379203
61.85 2256.450546267058
62.1 2094.5505197054613
62.26 1964.130472901184
62.59 1744.1070781790538
62.92 1526.4948126344098
63.35 1264.5980640151981
63.85 991.824805989326
64.35 717.2375328811331
64.85 500.580675981435
65.35 312.10310412121396
65.85 131.3130626095824
20
-66.75 707.9666517960754
-66.25 970.7914584237793
-65.75 1261.060063864012
-65.25 1955.5274108987733
-65.0 3554.7196371620435
-64.75 3436.838451995082
-64.25 3190.611307906707
-63.75 588.9766426870385
-63.25 3856.5242529165416
-62.75 2561.496162044315
-62.25 2412.6098671723844
-61.75 2275.5194092253278
-61.25 14883.566348150092
-60.75 15137.907295961171
-60.25 12305.52438973508
-59.75 12554.581440436625
-59.25 12826.996578086528
-58.75 13105.681767420443
-58.25 13414.442530814806
-57.75 10185.496444801072
-57.25 11355.544696805353
-56.75 11592.825029273263
-56.25 8737.053942102611
-55.75 22034.841289282205
-55.0 23676.36336713368
-54.0 25011.3809266631
-53.0 26296.59250051305
-52.0 25862.23604602373
-51.0 16986.14317032979
-50.25 18708.159906849607
-50.0 17816.36795077227
-49.5 19017.421169156733
-49.0 24404.830673682925
-48.75 24944.18610703449
-48.25 27100.18577972943
-47.75 27938.681405795596
-47.2 32200.93865416246
-45.95 35040.45655973678
-42.5 46037.169312961356
-37.5 62527.318069844034
-32.5 74610.78848518922
-27.5 84901.20462086204
-22.5 93462.81371912877
-17.5 101037.03470367582
-12.5 106792.90981390707
-7.5 110457.16412643711
-2.5 111889.50961005825
2.5 111071.82982343087
7.5 108065.2228400346
12.5 102985.36367340038
17.5 95995.8966643748
22.5 87268.60568278129
27.5 77060.36540977212
32.5 65701.84767198401
37.5 53594.88536671056
42.5 41231.72994275312
47.35 29512.72441459762
50.0 23032.023075041358
50.6 21691.129696848566
51.2 20376.550482577582
51.8 19089.225164022744
52.4 17826.459945133167
53.0 16613.169795127113
53.6 15412.945404908949
54.2 14247.871269414114
54.8 13115.195695300732
55.4 12014.25905736102
56.0 10943.411761625355
56.6 9904.146859974871
57.2 8898.726042542494
57.8 7935.714403627719
58.35 7097.2240328671105
58.85 6371.966049474438
59.35 5684.200685402596
59.85 5035.249919812028
60.35 4425.5295648734755
60.85 3855.8404106258736
61.1 3599.2908928037605
61.35 3314.261997576244
61.85 2822.0660457814747
62.1 2614.5872779209385
62.26 2449.536281312756
62.59 2170.8575278248154
62.92 1896.4145526342172
63.35 1567.7737930033509
63.85 1227.141545489782
64.35 885.949223828454
64.85 618.1183996787146
65.35 385.82137098292134
65.85 163.78882489812503
30
-66.75 949.0492921048897
-66.25 1307.1076520152549
-65.75 1703.3160910378017
-65.25 2613.6831664317147
-65.0 4763.910235397463
-64.75 4600.7078864722
-64.25 4261.889528550121
-63.75 745.7034129107648
-63.25 5156.32856884121
-62.75 3413.3248073828504
-62.25 3221.7564072199543
-61.75 3051.8444524309216
-61.25 20013.628817115434
-60.75 20332.248503986302
-60.25 16490.10786247615
-59.75 16790.28285959008
-59.25 17115.62389336773
-58.75 17442.553985393908
-58.25 17803.1762905075
-57.75 13393.61453530464
-57.25 14898.955642631729
-56.75 15141.776453050079
-56.25 11223.60109273366
-55.75 29032.15961925405
-55.0 31097.997546611983
-54.0 32683.384948709096
-53.0 34183.83551154507
-52.0 33357.8877954208
-51.0 21387.09286188229
-50.25 23558.526001977098
-50.0 22461.285651392325
-49.5 23980.958151629275
-49.0 30799.564754660507
-48.75 31475.108320830237
-48.25 34230.40041789398
-47.75 35270.2115769173
-47.2 40778.15902637499
-45.95 44335.76627866115
-42.5 58332.89930795992
-37.5 79422.20148924328
-32.5 94954.2099419761
-27.5 108357.24674712788
-22.5 119702.66668694692
-17.5 129831.30225370533
-12.5 137675.4182732957
-7.5 142871.76033205198
-2.5 145231.12579199194
2.5 144708.64862798393
7.5 141353.4424937627
12.5 135281.213829407
17.5 126660.49586907892
22.5 115668.84840093022
27.5 102598.26706717332
32.5 87846.69372919209
37.5 71925.62953998167
42.5 55490.86648991614
47.35 39749.4206300979
50.0 30922.83330751487
50.6 29097.23896641785
51.2 27306.923596206594
51.8 25553.033479738537
52.4 23830.52198003628
53.0 22182.423974239173
53.6 20545.15844633019
54.2 18957.07242657638
54.8 17413.805712158206
55.4 15914.74469900437
56.0 14458.12718700742
56.6 13046.410248143618
57.2 11683.215372793524
57.8 10381.895738069117
58.35 9252.747314990773
58.85 8280.431502516216
59.35 7362.084362331121
59.85 6499.268908470581
60.35 5692.2997720422645
60.85 4942.049707908843
61.1 4603.670937592693
61.35 4232.702261923113
61.85 3591.6112590749367
62.1 3320.996478801747
62.26 3108.371402904441
62.59 2749.0255467482157
62.92 2396.6373753089592
63.35 1976.7948381652122
63.85 1543.7786214177736
64.35 1112.3342388747462
64.85 775.4890848481672
65.35 484.32003946567824
65.85 207.02538074472827
40
-66.75 1225.893397653732
-66.25 1693.8478975066255
-65.75 2212.375331805646
-65.25 3370.7354678079355
-65.0 6155.435580239855
-64.75 5940.025792313419
-64.25 5494.087052888042
-63.75 918.3554387871318
-63.25 6651.954322393481
-62.75 4393.110238258847
-62.25 4153.7304759071585
-61.75 3948.2577900537462
-61.25 25914.006386741097
-60.75 26303.53206604667
-60.25 21294.968231311363
-59.75 21649.876467702215
-59.25 22031.475606928136
-58.75 22408.674014728967
-58.25 22823.13784649881
-57.75 17048.946825002073
-57.25 18933.04295203218
-56.75 19174.847624849357
-56.25 14031.618200017738
-55.75 37014.76688889894
-55.0 39553.84022403674
-54.0 41405.020504674794
-53.0 43128.97395292969
-52.0 41828.047869726994
-51.0 26340.72904971443
-50.25 29020.978098773438
-50.0 27725.893355004606
-49.5 29605.790287280186
-49.0 37972.66357819941
-48.75 38802.21639496966
-48.25 42228.19372405946
-47.75 43497.659051705465
-47.2 50399.53776193185
-45.95 54765.83320899064
-42.5 72141.00535202367
-37.5 98425.56544870518
-32.5 117883.76737976747
-27.5 134845.5775396913
-22.5 149384.24563630362
-17.5 162429.84844591617
-12.5 172665.5398638511
-7.5 179639.14048261975
-2.5 183118.83752332794
2.5 183035.8467699134
7.5 179425.2787182794
12.5 172394.84466238596
17.5 162100.77864400798
22.5 148703.75329389886
27.5 132509.0021774207
32.5 113964.17884998198
37.5 93685.4352344651
42.5 72507.75684957449
47.35 52001.66390485696
50.0 40363.092357999245
50.6 37955.70464453209
51.2 35593.78104013568
51.8 33278.748717914474
52.4 31002.66179193452
53.0 28831.172401753764
53.6 26666.892737903843
54.2 24568.496990887506
54.8 22529.72973669469
55.4 20550.15677951928
56.0 18628.0521378595
56.6 16767.12858868216
57.2 14972.678085034458
57.8 13264.036329285891
58.35 11785.35332275098
58.85 10516.587069179666
59.35 9322.096167075106
59.85 8203.733285350725
60.35 7161.6979123918
60.85 6196.974867001356
61.1 5761.149800507885
61.35 5289.160262380912
61.85 4472.738424545075
62.1 4127.5685943946955
62.26 3859.561088990777
62.59 3406.135107059155
62.92 2963.272070158227
63.35 2438.246696930443
63.85 1899.3669409595157
64.35 1365.3562339585355
64.85 950.7260927424217
65.35 593.6504932459852
65.85 254.83401105549467
50
-66.75 1518.9968954704227
-66.25 2104.157804308346
-65.75 2753.2506999558695
-65.25 4174.096296402453
-65.0 7633.052104867163
-64.75 7362.069601814349
-64.25 6801.579338121892
-63.75 1091.722048515773
-63.25 8240.008005936592
-62.75 5433.254340604549
-62.25 5145.271765296784
-61.75 4905.588695454245
-61.25 32175.130672909203
-60.75 32635.3430971675
-60.25 26381.603642887163
-59.75 26788.582155208613
-59.25 27223.12370225149
-58.75 27646.12468686566
-58.25 28109.47425155866
-57.75 20878.792869244597
-57.25 23155.40983860128
-56.75 23386.769321977255
-56.25 16944.480421252454
-55.75 45392.20348460782
-55.0 48413.73919662752
-54.0 50518.507018062504
-53.0 52449.99876131524
-52.0 50618.162497570374
-51.0 31485.956598162935
-50.25 34699.80837762697
-50.0 33249.04425668675
-49.5 35505.131367922266
-49.0 45379.91428726348
-48.75 46371.32288857071
-48.25 50485.31757056497
-47.75 52000.47448905849
-47.2 60326.87231417982
-45.95 65538.05713964296
-42.5 86419.6273355449
-37.5 118120.03523417945
-32.5 141713.10068953436
-27.5 162427.20073389623
-22.5 180329.05038728422
-17.5 196418.47370359147
-12.5 209151.20565655886
-7.5 218005.7931647611
-2.5 222727.3683794822
2.5 223232.98859560242
7.5 219543.22034757
12.5 211746.21157852266
17.5 199960.02358057423
22.5 184293.59381655726
27.5 165026.54212871054
32.5 142618.06643236443
37.5 117762.36624685056
42.5 91469.41111524476
47.35 65709.3137269725
50.0 50922.86273678927
50.6 47862.83783784588
51.2 44858.85476361339
51.8 41912.71257823129
52.4 39013.16813291382
53.0 36252.12074415208
53.6 33493.13801333573
54.2 30818.52360988836
54.8 28219.98711638344
55.4 25697.477038178917
56.0 23249.551132985885
56.6 20881.470958627215
57.2 18600.460573144293
57.8 16432.83372537679
58.35 14560.771240440501
58.85 12959.17058279919
59.35 11455.296092166343
59.85 10051.325541267772
60.35 8747.340085275631
60.85 7544.489712340686
61.1 7000.123023433033
61.35 6417.334907321098
61.85 5408.163738606439
62.1 4980.725162612281
62.26 4652.668677546145
62.59 4096.978803698596
62.92 3556.33677431616
63.35 2918.5500681258995
63.85 2267.0959733159734
64.35 1625.2218871542007
64.85 1129.6733943933518
65.35 704.691682451256
65.85 302.9973512472369
60
-66.75 1808.5398965307886
-66.25 2510.424379398661
-65.75 3289.6632591638418
-65.25 4970.927298318961
-65.0 9099.25119520032
-64.75 8773.220750462146
-64.25 8098.519418428875
-63.75 1253.6904516212658
-63.25 9816.664243591638
-62.75 6466.871477566999
-62.25 6133.610314856875
-61.75 5864.620878680814
-61.25 38377.44382720617
-60.75 38902.43757852466
-60.25 31406.491479547996
-59.75 31858.473246266974
-59.25 32338.251490069688
-58.75 32798.7995580306
-58.25 33302.27923015461
-57.75 24622.121212814578
-57.25 27278.835487258682
-56.75 27492.367755339186
-56.25 19774.558715635
-55.75 53595.70728811887
-55.0 57077.281168963586
-54.0 59408.85228533905
-53.0 61522.47282627239
-52.0 59149.47450113583
-51.0 36556.17217468362
-50.25 40303.463944787465
-50.0 38766.873056855606
-49.5 41395.42190943579
-49.0 52606.060422392555
-48.75 53760.73681457999
-48.25 58534.54445094782
-47.75 60305.76223945875
-47.2 69980.74475632413
-45.95 76037.03313120343
-42.5 100353.80007564442
-37.5 137381.89934543762
-32.5 165087.8511032261
-27.5 189506.817236841
-22.5 210690.89196855057
-17.5 229696.646763692
-12.5 244808.09205944985
-7.5 255474.49688607594
-2.5 261451.2012858323
2.5 262658.50672329345
7.5 259104.66511945744
12.5 250845.3127506195
17.5 237929.26181360814
22.5 220370.2550039085
27.5 198369.55074792984
32.5 172340.96907978324
37.5 143008.55462284765
42.5 111531.35426186676
47.35 80292.32271824197
50.0 62164.7607692896
50.6 58409.85182381124
51.2 54721.0714198676
51.8 51100.7084015042
52.4 47534.07433750766
53.0 44141.42720083109
53.6 40744.46071225922
54.2 37451.05999694593
54.8 34250.960693340225
55.4 31144.75733979443
56.0 28131.616848532907
56.6 25218.621612231833
57.2 22415.11309691772
57.8 19755.052647360488
58.35 17461.29735370679
58.85 15503.635004980702
59.35 13669.35635927158
59.85 11960.996919107482
60.35 10378.53988839116
60.85 8923.37656159066
61.1 8263.574124978595
61.35 7564.813704672344
61.85 6353.312470784923
62.1 5839.12065189974
62.26 5448.928658238836
62.59 4787.090193303986
62.92 4145.5662079560025
63.35 3392.4631970844375
63.85 2626.9074795404395
64.35 1877.1489462104587
64.85 1301.6855141662686
65.35 810.4695142710344
65.85 348.07659090099907
70
-66.75 2073.7892211002227
-66.25 2883.557291808744
-65.75 3783.2034638709947
-65.25 5706.284591090886
-65.0 10452.128777612439
-64.75 10075.836473193129
-64.25 9295.771596313825
-63.75 1394.3576678467646
-63.25 11274.04507805881
-62.75 7425.172081719534
-62.25 7054.093536664474
-61.75 6764.031612787783
-61.25 44079.811086489106
-60.75 44658.579666624624
-60.25 36010.617661318305
-59.75 36497.23705522952
-59.25 37011.51819792311
-58.75 37499.24748790856
-58.25 38032.276590483845
-57.75 28016.63037632791
-57.25 31016.262519625478
-56.75 31210.05461483971
-56.25 22347.304573591802
-55.75 61050.983320484534
-55.0 64942.85200900157
-54.0 67468.27532844
-53.0 69739.0048902445
-52.0 66874.504277223
-51.0 41335.1290117358
-50.25 45595.453254389235
-50.0 44062.88683577693
-49.5 47043.18633322389
-49.0 59306.16159886581
-48.75 60620.86979998354
-48.25 65985.2742597522
-47.75 68020.47744701715
-47.2 78867.13966197324
-45.95 85742.16929561079
-42.5 113245.95691348962
-37.5 155230.65240022453
-32.5 186801.06065187728
-27.5 214622.66103054612
-22.5 238730.64572362075
-17.5 260244.83484211465
-12.5 277366.9658436676
-7.5 289577.49446286936
-2.5 296687.3896358786
2.5 298643.89470387896
7.5 295447.6858283389
12.5 287109.07126153924
17.5 273575.0499776323
22.5 254716.56702095616
27.5 230593.94978185886
32.5 201502.72734105776
37.5 168127.57177475124
42.5 131727.18079891906
47.35 95083.69368498995
50.0 73589.4496053675
50.6 69131.041748981
51.2 64747.40534194156
51.8 60441.46493548745
52.4 56195.25696588683
53.0 52157.50966727156
53.6 48108.35402130799
54.2 44181.4228152813
54.8 40364.77295426152
55.4 36659.955031899925
56.0 33067.12720533215
56.6 29595.419893680886
57.2 26256.377849662866
57.8 23091.838769311315
58.35 20366.206922049434
58.85 18044.433128394667
59.35 15872.675289592284
59.85 13853.857074342186
60.35 11987.910973467682
60.85 10276.566014078198
61.1 9499.073723114314
61.35 8683.897464294922
61.85 7268.602995060224
62.1 6666.565008469206
62.26 6214.651583987326
62.59 5446.98085130347
62.92 4705.462537326828
63.35 3839.088558601193
63.85 2962.4748955898112
64.35 2109.273530552631
64.85 1458.240705337495
65.35 905.3502136393071
65.85 387.1307827233682
80
-66.75 2294.9108269936883
-66.25 3195.591174355205
-65.75 4196.821507285646
-65.25 6327.870247534222
-65.0 11594.324597423074
-64.75 11176.766664484656
-64.25 10308.60895024809
-63.75 1506.7041877467368
-63.25 12509.621549162757
-62.75 8243.40760423811
-62.25 7845.884784485186
-61.75 7545.96925637696
-61.25 48858.76550218957
-60.75 49476.00058214257
-60.25 39850.83111941511
-59.75 40359.474353307276
-59.25 40895.71887780632
-58.75 41399.544280191476
-58.25 41951.31220124549
-57.75 30819.070796572643
-57.25 34102.628574564624
-56.75 34282.38933579762
-56.25 24511.21753578456
-55.75 67223.31127865647
-55.0 71453.7504048321
-54.0 74140.7217188768
-53.0 76551.32960327748
-52.0 73310.98152603037
-51.0 45654.33981189164
-50.25 50390.95529554774
-50.0 48961.535870281754
-49.5 52258.51321471061
-49.0 65209.125707241554
-48.75 66677.19443023938
-48.25 72528.84303039378
-47.75 74834.83416008738
-47.2 86589.29338306191
-45.95 94236.98409397717
-42.5 124528.70523713807
-37.5 170848.57617178728
-32.5 205816.05526876863
-27.5 236480.24865316396
-22.5 262869.08621558937
-17.5 286201.1314799523
-12.5 304715.5406393401
-7.5 318002.25118095404
-2.5 325981.4007820981
2.5 328653.59392095683
7.5 326017.4212090124
12.5 318026.2721964086
17.5 304495.53585807735
22.5 285107.29433139734
27.5 259714.2317083914
32.5 228409.31655452825
37.5 191750.26585146008
42.5 151022.75165073815
47.35 109365.09267436792
50.0 84660.21528761843
50.6 79526.20439245019
51.2 74473.22592815744
51.8 69505.00768839354
52.4 64600.81463557004
53.0 59935.789575747076
53.6 55252.1856833567
54.2 50707.609654673135
54.8 46288.96632519775
55.4 41999.099771936875
56.0 37839.57180529849
56.6 33821.72441366219
57.2 29959.283426584127
57.8 26301.695822194564
58.35 23153.854350441336
58.85 20476.451023683287
59.35 17975.262241576194
59.85 15653.62549131535
60.35 13511.493402087814
60.85 11551.03902741736
61.1 10658.593333932038
61.35 9731.3668061347
61.85 8119.158399651836
62.1 7431.730768093192
62.26 6920.940710550744
62.59 6051.88747342489
62.92 5215.090789938157
63.35 4241.741128284048
63.85 3261.1646326538894
64.35 2312.6912721155154
64.85 1593.0507295308926
65.35 985.1878857118221
65.85 417.8797084748354
90
-66.75 2455.3934252605754
-66.25 3423.118953888447
-65.75 4499.390085435873
-65.25 6792.492909949103
-65.0 12445.057328284767
-64.75 11998.870998811472
-64.25 11067.197271443682
-63.75 1587.5387705679354
-63.25 13438.96438617789
-62.75 8869.005798891536
-62.25 8459.692196316555
-61.75 8163.503434441069
-61.25 52360.574624399385
-60.75 52997.91183732489
-60.25 42641.817835750415
-59.75 43158.85370261503
-59.25 43704.05781716014
-58.75 44213.54390226562
-58.25 44774.51695120751
-57.75 32834.42914113487
-57.25 36326.57891487608
-56.75 36506.690533937246
-56.25 26154.948190732975
-55.75 71681.89054688264
-55.0 76164.94856457137
-54.0 78988.07673798023
-53.0 81534.96190141753
-52.0 78097.36307747703
-51.0 49401.538443024925
-50.25 54565.68406087446
-50.0 53334.479878102655
-49.5 56902.214015747886
-49.0 70137.51042023115
-48.75 71749.79381437751
-48.25 77962.113555154
-47.75 80544.43227192038
-47.2 92882.06751732298
-45.95 101242.71131252481
-42.5 133811.03521755923
-37.5 183648.75498700028
-32.5 221352.1360644558
-27.5 254063.8663450779
-22.5 281830.99888623215
-17.5 306039.98962888826
-12.5 325109.9903777245
-7.5 338831.3949235838
-2.5 347289.2218945519
2.5 350561.32796238957
7.5 348647.5801259318
12.5 341434.89346631925
17.5 328584.6415028863
22.5 309552.00817828573
27.5 283918.03580474656
32.5 251483.75747669255
37.5 212578.8864930709
42.5 168423.2558150839
47.35 122439.87096913253
50.0 94856.31677564904
50.6 89110.07095616794
51.2 83447.93000098265
51.8 77874.60183703151
52.4 72367.37826250144
53.0 67123.76089518688
53.6 61854.889989624055
54.2 56738.777560302966
54.8 51761.893988423835
55.4 46928.716355987344
56.0 42242.62057085159
56.6 37717.24789750956
57.2 33368.38096489917
57.8 29252.330105992038
58.35 25711.52976297964
58.85 22703.24404335631
59.35 19895.525705151926
59.85 17292.14461211695
60.35 14893.161162346889
60.85 12701.295284448646
61.1 11701.551370790392
61.35 10671.155909930065
61.85 8876.850002112018
62.1 8109.939787658643
62.26 7545.318520430171
62.59 6583.13530865676
62.92 5659.218271781402
63.35 4588.861416567436
63.85 3514.760629503124
64.35 2482.014234127757
64.85 1702.5184175873837
65.35 1047.689793026888
65.85 438.97270215425317
100
-66.75 2544.299173986342
-66.25 3550.4796368476173
-65.75 4669.940519118606
-65.25 7072.072575791583
-65.0 12951.31569607049
-64.75 12491.728175575221
-64.25 11526.330828368937
-63.75 1638.039984752332
-63.25 14007.562299270088
-62.75 9269.040710994197
-62.25 8864.821331296102
-61.75 8587.373917228591
-61.25 54349.62631755058
-60.75 54987.29364444744
-60.25 44195.06597569628
-59.75 44707.22933399141
-59.25 45249.361268314744
-58.75 45756.053257250045
-58.25 46319.379073001066
-57.75 33942.881144126695
-57.25 37559.73279125847
-56.75 37763.202342995886
-56.25 27222.463064035866
-55.75 74159.36695209234
-55.0 78804.7600220962
-54.0 81751.10070547738
-53.0 84448.33473679266
-52.0 81042.80356148086
-51.0 52525.90235875874
-50.25 58061.41173755977
-50.0 57105.586080058
-49.5 60891.695112958805
-49.0 74021.47501161703
-48.75 75767.03516005763
-48.25 82204.53539377924
-47.75 85065.9536805993
-47.2 97638.39608236088
-45.95 106643.76377293454
-42.5 140915.5031183626
-37.5 193334.02925032433
-32.5 232965.49283683902
-27.5 266748.50379512494
-22.5 294793.6159324427
-17.5 318756.34152395796
-12.5 337390.8015110793
-7.5 350784.8793509854
-2.5 359239.7629497946
2.5 362926.008351648
7.5 361842.54313519725
12.5 355802.8158099364
17.5 344303.58467506134
22.5 326549.457663045
27.5 301795.48286504106
32.5 269463.2509175253
37.5 229546.7337557315
42.5 183093.15910350968
47.35 133715.23734122945
50.0 103733.27287822933
50.6 97468.23846103958
51.2 91286.6384561802
51.8 85194.33094896383
52.4 79167.64043953142
53.0 73420.84478083957
53.6 67643.04288315655
54.2 62027.70745259294
54.8 56561.709107159775
55.4 51251.46981639829
56.0 46102.551695697155
56.6 41130.90199158187
57.2 36354.151998747366
57.8 31834.337094023726
58.35 27946.862951646515
58.85 24646.564808504707
59.35 21568.108092891125
59.85 18715.705608771947
60.35 16089.621248035517
60.85 13693.208500233039
61.1 12598.139100835371
61.35 11477.225331204725
61.85 9522.379105900956
62.1 8684.905290702278
62.26 8073.272475907749
62.59 7029.348269966682
62.92 6029.241880505944
63.35 4874.670233252296
63.85 3719.908475132249
64.35 2615.666700194813
64.85 1785.9782307075532
65.35 1092.628331585027
65.85 450.1924298275141
110
-66.75 2557.9101603455906
-66.25 3572.1038346297296
-65.75 4700.792172428775
-65.25 7157.979714826627
-65.0 13096.002104586132
-64.75 12639.405831894694
-64.25 11672.441124485395
-63.75 1663.5133111146376
-63.25 14199.298628659977
-62.75 9435.41317054391
-62.25 9053.990422248731
-61.75 8810.523900596276
-61.25 54743.96912651821
-60.75 55362.66743923495
-60.25 44447.325111896615
-59.75 44943.11252676079
-59.25 45472.49787275972
-58.75 45971.080058243104
-58.25 46533.74426767529
-57.75 34118.58544001489
-57.25 37776.92738247866
-56.75 38034.168923001314
-56.25 27721.48315596039
-55.75 74593.62836508855
-55.0 79317.63740671592
-54.0 82390.7095223107
-53.0 85271.50380219074
-52.0 82157.27364074391
-51.0 55034.65507620573
-50.25 60882.36996700669
-50.0 60249.72879636535
-49.5 64200.19006226485
-49.0 76897.41942493794
-48.75 78763.86282303138
-48.25 85297.86803333656
-47.75 88435.7957579473
-47.2 100913.78427924373
-45.95 110490.61794040815
-42.5 145887.39986246088
-37.5 199920.90511498772
-32.5 240594.67338688025
-27.5 274376.2895986669
-22.5 301497.77298880817
-17.5 324007.787748048
-12.5 341150.35161232075
-7.5 353407.25647989917
-2.5 361337.2141207905
2.5 365205.35678849433
7.5 364998.64260975947
12.5 360452.81679650425
17.5 350904.5471596303
22.5 335303.3085287544
27.5 312538.9854589739
32.5 281574.68650408677
37.5 241962.40065838044
42.5 194465.32714470587
47.35 142776.8427413205
50.0 110977.33611638083
50.6 104307.66735511651
51.2 97716.82507274933
51.8 91211.96239035198
52.4 84769.52681151789
53.0 78614.17109491568
53.6 72423.1919594515
54.2 66399.83100153405
54.8 60532.212709282874
55.4 54828.95641324664
56.0 49298.10670756178
56.6 43957.84398270281
57.2 38827.382779542626
57.8 33973.09535744494
58.35 29797.629094865537
58.85 26254.450952153955
59.35 22950.417922228167
59.85 19890.18843747227
60.35 17074.323930031467
60.85 14506.87188651915
61.1 13331.658112719417
61.35 12135.490659922538
61.85 10046.467394386194
62.1 9149.587138087403
62.26 8498.939591021743
62.59 7386.826585709748
62.92 6323.315938675319
63.35 5099.07833364356
63.85 3877.8856218900864
64.35 2715.6178840198463
64.85 1845.4851127359307
65.35 1121.7300894000687
65.85 452.50318016264293
120
-66.75 2500.5335291662077
-66.25 3493.68545054627
-65.75 4599.13838252713
-65.25 7062.996018204907
-65.0 12901.740047189356
-64.75 12464.037271611758
-64.25 11526.705088185112
-63.75 1672.171654854399
-63.25 14040.138449692251
-62.75 9386.727949177883
-62.25 9044.906518370566
-61.75 8849.41602697142
-61.25 53632.8528248948
-60.75 54215.65465158035
-60.25 43474.421287121266
-59.75 43945.32102819657
-59.25 44455.78730360483
-58.75 44944.88865930802
-58.25 45508.42056393079
-57.75 33437.11518187658
-57.25 37063.87460642819
-56.75 37410.19022814778
-56.25 27722.605232828195
-55.75 73144.83317158114
-55.0 77880.57167472238
-54.0 81101.70765240699
-53.0 84216.19698202569
-52.0 81654.00531680437
-51.0 56980.74935388086
-50.25 63082.27354089472
-50.0 62785.112671265626
-49.5 66848.9334605605
-49.0 78889.21820310401
-48.75 80862.73960360975
-48.25 87385.87885505463
-47.75 90789.3906508525
-47.2 102904.21254626264
-45.95 112975.9464351434
-42.5 148969.8644539536
-37.5 203719.0583431493
-32.5 244558.36502025984
-27.5 277281.44979824644
-22.5 302302.26880387985
-17.5 322192.52419849485
-12.5 336827.40184826
-7.5 347172.80909414415
-2.5 354073.8621667275
2.5 357876.10668682563
7.5 358532.7500169078
12.5 355700.14096722315
17.5 348575.59251239325
22.5 335869.55699789006
27.5 316085.4618347544
32.5 287662.8293880727
37.5 249616.39812253023
42.5 202321.6945491694
47.35 149443.24430212207
50.0 116444.74828769392
50.6 109492.97946559257
51.2 102611.73894722378
51.8 95809.5758971661
52.4 89064.09363254377
53.0 82603.93461991366
53.6 76104.66472705702
54.2 69773.59791569592
54.8 63600.87529467931
55.4 57597.47527389071
56.0 51774.109778835074
56.6 46151.04668976931
57.2 40748.791334672394
57.8 35636.59091982876
58.35 31238.051703729376
58.85 27506.27892183641
59.35 24026.551106190786
59.85 20803.967043026372
60.35 17839.46737617089
60.85 15137.82090981212
61.1 13899.35337063403
61.35 12644.371977125773
61.85 10449.86514568777
62.1 9505.93304068221
62.26 8824.736765714586
62.59 7658.9579866856475
62.92 6545.593657897761
63.35 5266.804233404091
63.85 3993.673566809198
64.35 2786.533708427095
64.85 1885.1221627217599
65.35 1138.1991601832733
65.85 447.8953482864359
130
-66.75 2384.4224223351707
-66.25 3332.1198176962453
-65.75 4387.010439044684
-65.25 6820.643865392094
-65.0 12429.924045530714
-64.75 12024.773670279004
-64.25 11143.818824034568
-63.75 1673.0134758614295
-63.25 13596.461129417563
-62.75 9166.402213467803
-62.25 8878.117959849382
-61.75 8741.632418339761
-61.25 51275.14452981926
-60.75 51809.21793921065
-60.25 41489.625163163306
-59.75 41931.003004175276
-59.25 42420.57543360153
-58.75 42903.00398035091
-58.25 43473.46334375283
-57.75 32070.660147384344
-57.25 35611.193991610926
-56.75 36082.66694800753
-56.25 27348.26111782838
-55.75 70185.72991893046
-55.0 74890.82495515537
-54.0 78296.30297812581
-53.0 81704.18835341051
-52.0 79921.40268749907
-51.0 58444.520085604025
-50.25 64745.068516774285
-50.0 64761.14988027455
-49.5 68894.3183181078
-49.0 80175.40455238833
-48.75 82240.75082525045
-48.25 88677.41609986706
-47.75 92325.00909396523
-47.2 103900.17142161356
-45.95 114387.55292857261
-42.5 150548.22950238874
-37.5 205268.28571083402
-32.5 245504.29741028213
-27.5 276258.97544288135
-22.5 298174.64640600357
-17.5 314456.7095676267
-12.5 325723.75993900216
-7.5 333504.937987159
-2.5 338949.82900771924
2.5 342456.4250923822
7.5 343912.44546326436
12.5 342895.0643530609
17.5 338496.7685603842
22.5 329222.566911622
27.5 313185.14636813605
32.5 288253.98529649293
37.5 252833.7196471306
42.5 206831.85130879388
47.35 153790.55614931125
50.0 120178.62516515261
50.6 113061.91583720002
51.2 106004.48253445368
51.8 99016.3093211471
52.4 92076.9894698189
53.0 85413.61864988436
53.6 78708.6045231347
54.2 72168.37290413355
54.8 65785.6460007558
55.4 59573.803493605745
56.0 53546.26706187676
56.6 47725.183403826326
57.2 42132.05809368018
57.8 36837.658986606824
58.35 32280.376322210497
58.85 28413.795453930725
59.35 24807.8315804657
59.85 21468.00895909793
60.35 18395.705221587217
60.85 15596.400566090322
61.1 14311.589474872466
61.35 13013.870602530107
61.85 10742.197745538864
62.1 9763.583213130885
62.26 9060.037807296856
62.59 7854.809764257195
62.92 6704.7646361737225
63.35 5385.905778737174
63.85 4074.539943636638
64.35 2834.5278925217367
64.85 1909.9587423159942
65.35 1145.9448301198495
65.85 439.0150881018483
140
-66.75 2228.9695482903735
-66.25 3114.4319620932088
-65.75 4099.918500023982
-65.25 6482.076421257619
-65.0 11775.43571084562
-64.75 11412.478806915544
-64.25 10606.721363604242
-63.75 1673.3138318309868
-63.25 12968.341197537238
-62.75 8837.12973075008
-62.25 8611.2613451796
-61.75 8539.903611367827
-61.25 48081.60107452827
-60.75 48559.64831956183
-60.25 38829.17032344675
-59.75 39240.64751292007
-59.25 39711.56365741067
-58.75 40193.67654968363
-58.25 40780.52783327999
-57.75 30272.297627749504
-57.25 33696.107845945786
-56.75 34323.37639955672
-56.25 26752.673873377138
-55.75 66268.06872818847
-55.0 70927.57243344962
-54.0 74559.54149624812
-53.0 78315.92710606223
-52.0 77466.78158592399
-51.0 59513.946082427625
-50.25 65964.23665456357
-50.0 66244.68825884846
-49.5 70412.93815230376
-49.0 80950.02783881455
-48.75 83090.65979731525
-48.25 89401.35056681951
-47.75 93260.53965897864
-47.2 104226.55695542948
-45.95 115048.41614762026
-42.5 151074.88688112464
-37.5 205243.98966039022
-32.5 244315.81257921865
-27.5 272478.4543326426
-22.5 290617.7810652684
-17.5 302633.5856843644
-12.5 309951.5906876382
-7.5 314724.48368456826
-2.5 318418.2409614049
2.5 321449.8902263302
7.5 323605.1990549887
12.5 324383.47918685543
17.5 322813.81899605796
22.5 317238.4039292297
27.5 305388.7693887166
32.5 284542.8854912162
37.5 252459.64694200296
42.5 208539.16021172746
47.35 156140.33511407347
50.0 122398.59624378577
50.6 115215.47408981524
51.2 108078.64606204683
51.8 100999.49013422578
52.4 93960.10361685512
53.0 87182.04815104432
53.6 80360.52156744109
54.2 73697.4605219132
54.8 67188.44352168633
55.4 60849.15001010532
56.0 54695.58730872357
56.6 48751.519539898785
57.2 43039.18705336525
57.8 37629.78904973491
58.35 32971.04790069378
58.85 29017.614152285525
59.35 25329.601042511185
59.85 21912.929892816217
60.35 18769.437540774816
60.85 15905.26619503584
61.1 14589.4187575173
61.35 13263.260642920963
61.85 10939.822619654617
62.1 9937.759942358456
62.26 9219.135108654395
62.59 7987.179309521791
62.92 6812.19823336489
63.35 5466.058303950883
63.85 4128.471064915355
64.35 2865.824335826288
64.85 1924.921028801146
65.35 1148.6989887281075
65.85 428.6260441904044
150
-66.75 2059.4216090706705
-66.25 2876.049937679174
-65.75 3784.64482671199
-65.25 6110.947177359645
-65.0 11057.838929278649
-64.75 10740.92111496751
-64.25 10017.946151865128
-63.75 1676.7022433351026
-63.25 12278.602840696392
-62.75 8472.382922133638
-62.25 8310.488450635168
-61.75 8303.50353227606
-61.25 44585.77428710214
-60.75 45007.196636179215
-60.25 35929.050103985435
-59.75 36314.231110313085
-59.25 36772.00678107279
-58.75 37261.820033043616
-58.25 37875.13985346863
-57.75 28351.699575271392
-57.25 31654.318849014842
-56.75 32453.684081995867
-56.25 26096.44242939885
-55.75 62070.192964030306
-55.0 66692.62103856132
-54.0 70582.04155789597
-53.0 74715.69220673638
-52.0 74840.33815021819
-51.0 60268.30777638201
-50.25 66825.51900458199
-50.0 67307.065125992
-49.5 71487.15252131826
-49.0 81387.3470581688
-48.75 83585.95394688562
-48.25 89765.03060477774
-47.75 93794.23504401994
-47.2 104183.72527430614
-45.95 115258.8796002661
-42.5 150991.9228390187
-37.5 204349.6047844719
-32.5 241988.2629265645
-27.5 267346.8975275822
-22.5 281529.4971748196
-17.5 289111.431253149
-12.5 292315.2764607056
-7.5 293940.699627538
-2.5 295777.11302531045
2.5 298234.92449509545
7.5 300967.85101686796
12.5 303399.61796519574
17.5 304533.42533314414
22.5 302589.065157009
27.5 294939.7581932435
32.5 278287.765610182
37.5 249766.40551801893
42.5 208286.41380555736
47.35 157006.64377166698
50.0 123460.91553444063
50.6 116280.7229364289
51.2 109133.7545485614
51.8 102032.6449413619
52.4 94962.1051490766
53.0 88136.18154217362
53.6 81265.44179726143
54.2 74545.49884717319
54.8 67974.71205415862
55.4 61570.79875736502
56.0 55352.04703140203
56.6 49343.53305100348
57.2 43568.00561812614
57.8 38096.3781743056
58.35 33381.440839467694
58.85 29379.1770765557
59.35 25644.304220829308
59.85 22183.093147507934
60.35 18997.81655775514
60.85 16095.189174840734
61.1 14760.739751633027
61.35 13417.606076035921
61.85 11062.9452918805
62.1 10046.620801510975
62.26 9318.771018977588
62.59 8070.411861161628
62.92 6880.023504335848
63.35 5516.928420496072
63.85 4162.818467094742
64.35 2885.6791314469374
64.85 1933.8976536432795
65.35 1149.291766185557
65.85 419.0391300739968
160
-66.75 1905.0752389606455
-66.25 2658.362791456032
-65.75 3496.1055973033926
-65.25 5776.369847643277
-65.0 10409.064811875065
-64.75 10134.568824408132
-64.25 9487.890890005663
-63.75 1682.8008845691118
-63.25 11658.179938396746
-62.75 8146.043409371647
-62.25 8040.492414802546
-61.75 8088.753488879112
-61.25 41402.517636634046
-60.75 41774.35980472042
-60.25 33292.40930547336
-59.75 33657.873562997214
-59.25 34109.21715856637
-58.75 34612.94986170739
-58.25 35258.56298762265
-57.75 26642.920645760187
-57.25 29843.20449214465
-56.75 30805.680605549638
-56.25 25521.77279929268
-55.75 58326.92040980984
-55.0 62932.62458313126
-54.0 67075.29078178758
-53.0 71562.45407413515
-52.0 72553.90109308294
-51.0 60768.48513045047
-50.25 67396.28218245802
-50.0 68013.52889174297
-49.5 72192.915046744
-49.0 81619.40906434512
-48.75 83858.65326137509
-48.25 89927.07701067861
-47.75 94079.1248569429
-47.2 104005.872612978
-45.95 115255.95745692446
-42.5 150669.84431442735
-37.5 203217.513802128
-32.5 239491.12866260327
-27.5 262325.0974336941
-22.5 272982.61781173194
-17.5 276601.49490228185
-12.5 276090.86261071847
-7.5 274849.18467194604
-2.5 274976.9856032783
2.5 276870.92458603665
7.5 280045.1493835927
12.5 283853.6288216589
17.5 287296.7403267397
22.5 288503.3134199504
27.5 284533.6517763906
32.5 271587.7893424273
37.5 246267.25668541397
42.5 207076.63352034628
47.35 157002.49397851297
50.0 123790.41454433509
50.6 116647.76253692196
51.2 109527.05860803055
51.8 102441.94869188992
52.4 95379.43188425228
53.0 88546.19519893125
53.6 81667.16091930964
54.2 74931.66847931653
54.8 68340.41348363593
55.4 61912.725012683615
56.0 55668.68665343331
56.6 49634.34406321158
57.2 43832.77101793254
57.8 38334.288317008904
58.35 33593.8987976991
58.85 29568.851992133732
59.35 25811.45919632866
59.85 22328.269205111814
60.35 19121.916373013093
60.85 16199.559877803833
61.1 14855.416812885413
61.35 13503.44763806247
61.85 11132.30220882384
62.1 10108.375911848989
62.26 9375.527890939187
62.59 8118.263503291045
62.92 6919.416575949436
63.35 5546.907547347748
63.85 4183.424086884297
64.35 2897.8169105387346
64.85 1939.3362219094151
65.35 1149.3323669399642
65.85 411.72578300461555
170
-66.75 1795.9765504935058
-66.25 2504.1227028513763
-65.75 3291.3151625845126
-65.25 5543.273830847488
-65.0 9955.513531229566
-64.75 9711.415144814786
-64.25 9119.229293403381
-63.75 1688.637624713268
-63.25 11227.362825462196
-62.75 7921.478210442358
-62.25 7854.948089002894
-61.75 7940.794957744335
-61.25 39155.23458392108
-60.75 39492.62573913589
-60.25 31431.55189943249
-59.75 31785.26512513332
-59.25 32235.21590987554
-58.75 32752.975527688508
-58.25 33426.605927315875
-57.75 25460.13627832421
-57.25 28593.500783914682
-56.75 29675.96333763497
-56.25 25134.916019683897
-55.75 55732.00037929703
-55.0 60337.39538184197
-54.0 64672.043768401825
-53.0 69416.99894370628
-52.0 71012.19908365697
-51.0 61054.41970240162
-50.25 67722.03647328503
-50.0 68415.54904184847
-49.5 72590.58740138414
-49.0 81730.2479226425
-48.75 83993.37854742887
-48.25 89989.46910868889
-47.75 94215.14259405553
-47.2 103846.11924375627
-45.95 115197.8093615289
-42.5 150374.1980331649
-37.5 202335.96062270683
-32.5 237633.65989200555
-27.5 258707.5128631173
-22.5 266909.71367453673
-17.5 267745.95129798667
-12.5 264592.9790428404
-7.5 261288.3473548902
-2.5 260176.27040094117
2.5 261647.47036561652
7.5 265106.39056418434
12.5 269853.5127961851
17.5 274892.70940553816
22.5 278290.31937821157
27.5 276881.7935157907
32.5 266515.7203862042
37.5 243434.24438673013
42.5 205875.71852748978
47.35 156714.214678862
50.0 123791.7980854799
50.6 116687.97786566573
51.2 109598.43704926674
51.8 102537.4815514972
52.4 95493.67536136053
53.0 88668.40398706013
53.6 81796.71039455206
54.2 75063.38944867603
54.8 68470.69601781118
55.4 62038.996819798405
56.0 55789.52704244303
56.6 49748.92864595314
57.2 43940.45403502615
57.8 38433.89488940615
58.35 33684.94231512298
58.85 29651.745958760745
59.35 25885.83717126289
59.85 22393.94575452769
60.35 19178.94552274113
60.85 16248.278690975576
61.1 14899.963182686108
61.35 13544.182878411446
61.85 11165.793232643373
62.1 10138.490139320968
62.26 9403.360740984728
62.59 8142.029158816577
62.92 6939.259782408889
63.35 5562.315203217784
63.85 4194.293931450464
64.35 2904.427654612304
64.85 1942.3847400770687
65.35 1149.3754711261374
65.85 407.2974475412048
180
-66.75 1756.3944032935424
-66.25 2448.0888256743788
-65.75 3216.845996777211
-65.25 5459.604922493003
-65.0 9792.32935131038
-64.75 9559.352954816623
-64.25 8987.045601119999
-63.75 1691.0230876722412
-63.25 11073.075946570261
-62.75 7841.571063619069
-62.25 7789.039234807999
-61.75 7888.244115774418
-61.25 38341.01460387041
-60.75 38665.9731032186
-60.25 30757.233093541832
-59.75 31107.12454116876
-59.25 31557.242733693078
-58.75 32081.009615825496
-58.25 32765.959862377236
-57.75 25036.632406913748
-57.25 28146.93437960338
-56.75 29273.960896218414
-56.25 24999.078909841184
-55.75 54802.157721995696
-55.0 59410.000534857434
-54.0 63817.11931819266
-53.0 68657.29098073894
-52.0 70469.60578571337
-51.0 61147.53245183581
-50.25 67827.97651519017
-50.0 68545.82538613577
-49.5 72718.73346192668
-49.0 81762.93887467084
-48.75 84033.92575309754
-48.25 90005.0143683776
-47.75 94255.13338039556
-47.2 103784.81357703019
-45.95 115169.69282275972
-42.5 150259.05173986286
-37.5 202008.05908039983
-32.5 236951.97634917556
-27.5 257393.8490602735
-22.5 264713.11680792534
-17.5 264542.4048159751
-12.5 260424.33991563652
-7.5 256359.88670096727
-2.5 254788.5528697663
2.5 256101.07880526572
7.5 259659.91638726444
12.5 264744.7326299918
17.5 270360.86781405594
22.5 274551.03057473205
27.5 274067.08951825846
32.5 264630.20485265396
37.5 242355.4280384262
42.5 205388.94172041595
47.35 156566.34998061482
50.0 123756.78649986655
50.6 116668.8708151474
51.2 109592.51348049084
51.8 102542.2479742608
52.4 95507.19730762918
53.0 88686.8197546999
53.6 81819.80222133397
54.2 75089.28636902588
54.8 68498.07518498888
55.4 62066.89366315063
56.0 55817.373803653936
56.6 49776.359361028735
57.2 43967.15976000602
57.8 38459.358715073846
58.35 33708.762146023444
58.85 29673.844985713342
59.35 25905.997897653553
59.85 22412.014936266787
60.35 19194.85241699037
60.85 16262.050942992875
61.1 14912.640991225986
61.35 13555.85719327155
61.85 11175.529428382652
62.1 10147.314866405086
62.26 9411.553367210407
62.59 8149.09555116544
62.92 6945.225397935806
63.35 5567.018911653115
63.85 4197.678850320343
64.35 2906.5370699026635
64.85 1943.3860589168435
65.35 1149.4135991722565
65.85 405.83328286655075
