0
-66.75 1179.3832576441205
-66.25 1887.0534833517543
-65.75 2800.7550072126155
-65.25 1984.499117010601
-65.0 3686.3182350364227
-64.75 3463.037596490667
-64.25 3216.981677737647
-63.75 4578.558072262955
-63.25 4116.863197088282
-62.75 4809.704396114962
-62.25 6033.033497166528
-61.75 7489.702277444209
-61.25 29137.84636135404
-60.75 30960.649442528917
-60.25 28907.0675031167
-59.75 31033.877244846153
-59.25 33311.551613010306
-58.75 35702.75493046759
-58.25 38217.6235636428
-57.75 36428.03035492458
-57.25 40126.25693910206
-56.75 42698.40424448427
-56.25 41363.72844869252
-55.75 60413.66825242826
-55.0 65912.53956382888
-54.0 72096.87983889905
-53.0 78039.95231118769
-52.0 81464.91273201506
-51.0 71855.44941590747
-50.25 76390.69231899586
-50.0 74977.21876294818
-49.5 77820.52029489631
-49.0 88422.00831093054
-48.75 89712.7835643581
-48.25 93985.72557186778
-47.75 96035.14186541823
-47.2 103529.90191997397
-45.95 109147.64920687678
-42.5 126096.8244767683
-37.5 148091.25817269774
-32.5 159900.23966741937
-27.5 167989.42999214772
-22.5 172281.12519932466
-17.5 174246.55129885266
-12.5 172979.49245129412
-7.5 169092.61063784917
-2.5 163009.81286523255
2.5 154992.5247015518
7.5 145279.06565223524
12.5 134196.9209760699
17.5 122122.81181277629
22.5 109377.20669377013
27.5 96412.3848054303
32.5 83394.47571245766
37.5 70139.12996283284
42.5 56298.62096597712
47.35 42150.7942719076
50.0 35206.28136139213
50.6 33557.957145009095
51.2 31910.689949338273
51.8 30267.225526332433
52.4 28635.818236070347
53.0 26985.337127494065
53.6 25372.300648535027
54.2 23769.78420853568
54.8 22184.078049631134
55.4 20617.224950972257
56.0 19069.046851980493
56.6 17539.221483029425
57.2 16024.305610910951
57.8 14527.72112070797
58.35 13197.67551399494
58.85 12010.53195866824
59.35 10860.293040694332
59.85 9754.422898720282
60.35 8700.20086093476
60.85 7703.264007021353
61.1 7288.566956334747
61.35 6742.479298325341
61.85 5861.555266828276
62.1 5535.229785300484
62.26 5208.938642378095
62.59 4701.992978900888
62.92 4196.092652623556
63.35 3569.833271054069
63.85 2917.5526472922966
64.35 2187.9113342804394
64.85 1629.9212298445036
65.35 1101.8358253711892
65.85 506.0216869811727
10
-66.75 1225.510397033542
-66.25 1947.6270954926695
-65.75 2877.188340936721
-65.25 2125.380992163195
-65.0 3964.11731922059
-64.75 3726.2811917896056
-64.25 3438.6369923545026
-63.75 4603.666593507142
-63.25 4350.969742247346
-62.75 4878.916025786149
-62.25 6080.909479253363
-61.75 7527.9589985243465
-61.25 30107.649987194887
-60.75 31932.29687567227
-60.25 29665.76035128258
-59.75 31796.20916293865
-59.25 34079.72867953905
-58.75 36477.8668755544
-58.25 39002.90033767295
-57.75 37007.112126296546
-57.25 40771.90885417145
-56.75 43355.985798907335
-56.25 41859.34501826349
-55.75 61714.121026026354
-55.0 67313.44967111186
-54.0 73579.92527703708
-53.0 79609.07613782478
-52.0 83017.57975262085
-51.0 72852.43022211216
-50.25 77499.17058001003
-50.0 76010.2966335823
-49.5 78934.45036064918
-49.0 89925.69968146783
-48.75 91256.55346772294
-48.25 95685.57516620989
-47.75 97801.16949121749
-47.2 105607.21748262408
-45.95 111466.36360831125
-42.5 129397.12689453366
-37.5 152931.14590657913
-32.5 165883.16225268954
-27.5 174817.37972594786
-22.5 179720.0593968385
-17.5 182227.52135519494
-12.5 181385.35288485925
-7.5 177767.5274339473
-2.5 171775.3909316066
2.5 163668.08401824336
7.5 153686.56371670542
12.5 142157.7562271506
17.5 129459.30893782934
22.5 115916.09776076766
27.5 101986.13762470665
32.5 87871.1281824535
37.5 73465.24760891669
42.5 58523.4359818784
47.35 43461.53778786144
50.0 36076.655291080584
50.6 34346.53205048275
51.2 32621.662671038706
51.8 30904.94431942515
52.4 29205.105457455833
53.0 27488.713199072816
53.6 25816.054341641233
54.2 24158.122884889977
54.8 22521.480495729895
55.4 20908.19239399714
56.0 19318.059401183342
56.6 17750.709647659893
57.2 16202.673142516613
57.8 14676.974748323128
58.35 13323.45560680677
58.85 12117.641133327728
59.35 10951.069998519637
59.85 9831.035505174017
60.35 8764.642274857206
60.85 7757.357884001979
61.1 7338.327518461713
61.35 6787.629508254174
61.85 5899.309271388681
62.1 5570.188422826108
62.26 5241.565646823046
62.59 4730.977170523013
62.92 4221.638301218851
63.35 3591.3808908201204
63.85 2935.0918345793043
64.35 2201.257210842827
64.85 1639.9388181897007
65.35 1108.789393970216
65.85 509.99682573435274
20
-66.75 1349.5939325978584
-66.25 2110.2371263881273
-65.75 3081.2545626447527
-65.25 2500.5328444650568
-65.0 4697.269433230513
-64.75 4422.292832997411
-64.25 4032.5568838802274
-63.75 4651.589585405232
-63.25 4990.661863520725
-62.75 5068.060339300544
-62.25 6199.9628351424335
-61.75 7608.803719081916
-61.25 32704.841620766256
-60.75 34530.30187937093
-60.25 31679.912832704053
-59.75 33812.71284913906
-59.25 36103.70883956885
-58.75 38511.54904903862
-58.25 41054.56842191301
-57.75 38481.47991900763
-57.25 42418.62793980166
-56.75 45024.69294966329
-56.25 43072.19990674631
-55.75 65125.61987349668
-55.0 70985.07289628651
-54.0 77457.07614514421
-53.0 83703.61293370838
-52.0 87051.04856939742
-51.0 75363.93630434218
-50.25 80308.39710291842
-50.0 78617.25109299943
-49.5 81759.29304173838
-49.0 93796.8665181927
-48.75 95235.60616192865
-48.25 100085.17420510143
-47.75 102379.2342992228
-47.2 111024.44700374136
-45.95 117535.94840445423
-42.5 138115.65652804475
-37.5 165762.63012122217
-32.5 181745.0766121629
-27.5 192924.5247816862
-22.5 199466.78707664073
-17.5 203426.6354712756
-12.5 203713.1856378496
-7.5 200800.95978905747
-2.5 195038.74861424265
2.5 186681.99006015135
7.5 175980.66551993112
12.5 163263.98673119172
17.5 148918.7161001496
22.5 133286.30290284532
27.5 116839.39547303817
32.5 99865.39172951598
37.5 82440.48120118349
42.5 64568.85930074503
47.35 47037.432532037645
50.0 38440.757564674626
50.6 36484.32170954348
51.2 34544.40659219797
51.8 32624.386379149735
52.4 30734.28926356667
53.0 28834.910815105315
53.6 26996.222627347026
54.2 25184.008748599445
54.8 23405.61490338744
55.4 21663.26111255998
56.0 19956.80102782847
56.6 18285.836169537586
57.2 16646.9531530273
57.8 15042.152694376451
58.35 13625.455065666445
58.85 12370.068119472857
59.35 11160.743659959753
59.85 10004.248410727894
60.35 8907.139981033873
60.85 7874.35710095703
61.1 7444.64150810705
61.35 6883.21030628362
61.85 5977.732457100807
62.1 5642.120704418421
62.26 5308.386007730743
62.59 4789.83022444992
62.92 4273.1524954300885
63.35 3634.6056189803985
63.85 2970.185708933297
64.35 2228.0885257596633
64.85 1660.1342010777796
65.35 1122.9562630338592
65.85 518.7428410345229
30
-66.75 1526.3096033124552
-66.25 2343.3555981021063
-65.75 3374.404159369567
-65.25 3025.344059883095
-65.0 5706.315752017603
-64.75 5384.503684440886
-64.25 4872.787234556939
-63.75 4708.4641612311225
-63.25 5928.0461919161635
-62.75 5388.164520114247
-62.25 6406.615925583725
-61.75 7745.6860166074075
-61.25 36397.29205939264
-60.75 38225.46269615386
-60.25 34543.834073106525
-59.75 36676.38810676761
-59.25 38972.816977397306
-58.75 41387.66552451597
-58.25 43948.05868198336
-57.75 40528.46793350356
-57.25 44703.76822664875
-56.75 47328.92929791338
-56.25 44702.43580251681
-55.75 69921.08971952333
-55.0 76133.14153715734
-54.0 82869.86031706445
-53.0 89395.93811117196
-52.0 92622.7068999471
-51.0 78748.30771888465
-50.25 84104.05762935187
-50.0 82133.45592735294
-49.5 85578.76377003061
-49.0 99066.34262399576
-48.75 100653.78535040728
-48.25 106086.77683871613
-47.75 108625.70968003466
-47.2 118437.31852144394
-45.95 125843.82461308531
-42.5 150054.1266939272
-37.5 183285.56138437826
-32.5 203372.76617962462
-27.5 217638.08280086057
-22.5 226470.37615221427
-17.5 232444.61221459607
-12.5 234279.29649235698
-7.5 232328.1202519006
-2.5 226879.29470910746
2.5 218184.59587728643
7.5 206506.7944681039
12.5 192183.7004857354
17.5 175620.98496352718
22.5 157187.45332648943
27.5 137384.19835472334
32.5 116603.12266636585
37.5 95129.38141482916
42.5 73264.2270653714
47.35 52277.79251822438
50.0 41932.9683567025
50.6 39645.67440274243
51.2 37390.11742396057
51.8 35170.4360276599
52.4 32998.33402667248
53.0 30828.482470343697
53.6 28741.79158369867
54.2 26698.553798625246
54.8 24707.2490468723
55.4 22770.54475167065
56.0 20888.634912070767
56.6 19061.324845714294
57.2 17285.491957676215
57.8 15561.950346400678
58.35 14050.793829954468
58.85 12721.839175415287
59.35 11449.508409260765
59.85 10239.744636869456
60.35 9098.241042611118
60.85 8029.11098930426
61.1 7584.02316940722
61.35 7007.973074681673
61.85 6078.95088229963
62.1 5734.352994209444
62.26 5393.912711110053
62.59 4864.854884257723
62.92 4338.6640744745
63.35 3689.5711990553177
63.85 3014.9300943447934
64.35 2262.542851089836
64.85 1686.2259818977834
65.35 1141.4352787282555
65.85 530.646397860452
40
-66.75 1727.804476978137
-66.25 2610.16602166706
-65.75 3709.8469122666206
-65.25 3625.242990750376
-65.0 6840.251332761869
-64.75 6472.488222534681
-64.25 5845.008154716462
-63.75 4757.5946155373895
-63.25 7049.844152792811
-62.75 5841.271243933196
-62.25 6717.042041400082
-61.75 7956.138118203403
-61.25 40576.57558910666
-60.75 42404.0564007052
-60.25 37769.086942074784
-59.75 39891.95533556623
-59.25 42182.965362580544
-58.75 44591.943010959985
-58.25 47156.14104383466
-57.75 42740.024193413265
-57.25 47170.15271494755
-56.75 49795.492094322566
-56.25 46371.57121246571
-55.75 75211.87296290923
-55.0 81789.18347581486
-54.0 88773.2335351021
-53.0 95560.14232973715
-52.0 98589.22532544831
-51.0 82218.69539141696
-50.25 88013.85714172131
-50.0 85746.40925234904
-49.5 89519.70127168311
-49.0 104565.04358206232
-48.75 106311.4795725212
-48.25 112375.35021463686
-47.75 115174.72938142493
-47.2 126255.21729276411
-45.95 134618.19482999577
-42.5 162732.69874728657
-37.5 201953.37483900692
-32.5 226485.032585066
-27.5 244179.82271522505
-22.5 255628.47024349953
-17.5 263903.68910024
-12.5 267514.8413654371
-7.5 266695.4159534717
-2.5 261673.76392585662
2.5 252694.02742568508
7.5 240029.0700497253
12.5 224027.64668565907
17.5 205117.79035492704
22.5 183699.52119750905
27.5 160313.6983043995
32.5 135458.8270872415
37.5 109618.24458266175
42.5 83379.54137753946
47.35 58506.30447197139
50.0 46123.141528345346
50.6 43444.463311094354
51.2 40813.843024550784
51.8 38236.33878758079
52.4 35725.10727823627
53.0 33231.71767566697
53.6 30843.96928835631
54.2 28519.458294548847
54.8 26267.875400137465
55.4 24092.725052925005
56.0 21995.001012749322
56.6 19975.123803899296
57.2 18030.61618855795
57.8 16161.48362622209
58.35 14534.982914017039
58.85 13116.967274249835
59.35 11768.944523951699
59.85 10495.810437611952
60.35 9302.147641678219
60.85 8191.032432932677
61.1 7727.87106180952
61.35 7136.042027740438
61.85 6181.152686080607
62.1 5826.496176798719
62.26 5479.196483703822
62.59 4939.25663753328
62.92 4403.459384088296
63.35 3744.023572943344
63.85 3059.5331444847666
64.35 2297.2894508584163
64.85 1712.822743482819
65.35 1160.5294152453248
65.85 543.5390822778638
50
-66.75 1928.698462095104
-66.25 2875.5144322120786
-65.75 4041.5066326636197
-65.25 4240.04831986288
-65.0 7982.536331770964
-64.75 7576.892590441778
-64.25 6853.99019936167
-63.75 4783.765949877296
-63.25 8248.943905809088
-62.75 6406.882116310131
-62.25 7132.568439254318
-61.75 8250.973270708322
-61.25 44675.66662542279
-60.75 46488.27376370915
-60.25 40882.81243094163
-59.75 42976.33343372847
-59.25 45239.69970438087
-58.75 47617.96238018815
-58.25 50158.59126211381
-57.75 44709.92238394399
-57.25 49364.62285072087
-56.75 51957.12347089544
-56.25 47709.35337680625
-55.75 80138.38481156691
-55.0 87021.12736434887
-54.0 94167.4454132836
-53.0 101126.66568871304
-52.0 103871.52245580203
-51.0 85037.86390435968
-50.25 91223.92751977462
-50.0 88698.99232234822
-49.5 92770.40291591633
-49.0 109211.2549671325
-48.75 111100.68507574183
-48.25 117741.2163317152
-47.75 120774.07066524813
-47.2 133028.75334477294
-45.95 142260.35301543085
-42.5 173983.47125546957
-37.5 218777.1959742645
-32.5 247545.327240092
-27.5 268628.5172885427
-22.5 282763.0422673528
-17.5 293420.2723507631
-12.5 298911.4942028138
-7.5 299357.8893877134
-2.5 294929.81318931386
2.5 285855.8448669741
7.5 272410.9897343442
12.5 254951.66626795765
17.5 233923.7541418357
22.5 209754.2194070124
27.5 183026.64676406464
32.5 154336.6668374136
37.5 124337.15132880371
42.5 93860.89040423672
47.35 65109.878641063144
50.0 50608.2940968475
50.6 47516.735390758084
51.2 44488.59947329974
51.8 41529.869526968905
52.4 38654.40553162172
53.0 35816.288453478
53.6 33101.91131493595
54.2 30471.311820592764
54.8 27935.172450596994
55.4 25498.223428137655
56.0 23162.7866774736
56.6 20930.40253098148
57.2 18799.638003775704
57.8 16770.535341003644
58.35 15017.857805036805
58.85 13503.425326181004
59.35 12074.192534064221
59.85 10733.864880852305
60.35 9485.750048402719
60.85 8331.774632485112
61.1 7849.603273890533
61.35 7243.336952811378
61.85 6263.911363494835
62.1 5899.358732808525
62.26 5546.359142695292
62.59 4997.0909180961635
62.92 4453.468425145932
63.35 3786.129097943013
63.85 3094.4183571971525
64.35 2325.0171840699027
64.85 1734.4604688528116
65.35 1176.4106973022244
65.85 555.0149658508028
60
-66.75 2106.8930863650717
-66.25 3108.1993898526284
-65.75 4327.987106655229
-65.25 4817.102629496017
-65.0 9034.417684039945
-64.75 8603.818541327999
-64.25 7814.261593478541
-63.75 4776.5626220030745
-63.25 9421.931942070925
-62.75 7039.970610826992
-62.25 7630.750344235607
-61.75 8624.04507832017
-61.25 48202.752545249576
-60.75 49975.777367495095
-60.25 43470.96936480721
-59.75 45506.313045265844
-59.25 47710.16301491494
-58.75 50023.2897573523
-58.25 52502.4629440719
-57.75 46089.08481589385
-57.25 50899.58506359263
-56.75 53417.74102364797
-56.25 48412.42091174006
-55.75 83966.72786800601
-55.0 91039.45678498766
-54.0 98215.46872612585
-53.0 105210.80573014547
-52.0 107590.61543477666
-51.0 86631.57387994236
-50.25 93101.3489028468
-50.0 90405.93450932931
-49.5 94703.13327152065
-49.0 112159.82349673129
-48.75 114156.70148223336
-48.25 121240.32715927216
-47.75 124449.14038763275
-47.2 137627.34301903436
-45.95 147530.90826384546
-42.5 182147.07814788746
-37.5 231493.4132178954
-32.5 263872.98463535856
-27.5 287982.4046268092
-22.5 304638.33661679464
-17.5 317569.98764532816
-12.5 324925.44880455616
-7.5 326723.7786209432
-2.5 323079.4843735409
2.5 314196.304177254
7.5 300340.93740681256
12.5 281869.96761167084
17.5 259236.18529399735
22.5 232882.13535644763
27.5 203426.7127551817
32.5 171541.6959219479
37.5 138006.41789199092
42.5 103834.02225322777
47.35 71564.94289708968
50.0 55041.789462536486
50.6 51549.08723857323
51.2 48132.66530363418
51.8 44799.338057642744
52.4 41562.6107232204
53.0 38386.03894569577
53.6 35344.00162446966
54.2 32405.3112191348
54.8 29581.201726387622
55.4 26877.949258182147
56.0 24299.705241032778
56.6 21849.637338560973
57.2 19527.726433985972
57.8 17335.207945432907
58.35 15454.134708995229
58.85 13842.698593600326
59.35 12332.529567747999
59.85 10926.092693788602
60.35 9625.353669372511
60.85 8431.093140781522
61.1 7930.17296172997
61.35 7312.594237915486
61.85 6312.435607139696
62.1 5938.90027571873
62.26 5582.2686392323085
62.59 5026.498866496663
62.92 4478.0709603981695
63.35 3806.774878855473
63.85 3112.015580456838
64.35 2339.739189883603
64.85 1746.5331865815622
65.35 1185.7390248860302
65.85 562.773683497376
70
-66.75 2243.907106984142
-66.25 3282.177933446192
-65.75 4534.878901774119
-65.25 5309.398190284762
-65.0 9909.66615226123
-64.75 9470.21156246682
-64.25 8648.028399818566
-63.75 4732.245218707256
-63.25 10470.934389548425
-62.75 7679.415539703352
-62.25 8166.784584821931
-61.75 9047.886856522013
-61.25 50756.55312239798
-60.75 52458.45920100924
-60.25 45201.22456979973
-59.75 47144.45816610399
-59.25 49251.870557332746
-58.75 51460.96022131862
-58.25 53836.10303962763
-57.75 46618.30429892043
-57.25 51488.70478777995
-56.75 53889.8057533327
-56.25 48277.792849179605
-55.75 86138.07232762982
-55.0 93249.98616017267
-54.0 100299.50767388532
-53.0 107172.263475634
-52.0 109128.63698842707
-51.0 86639.08962306855
-50.25 93246.85584234755
-50.0 90503.0271529371
-49.5 94924.65655549378
-49.0 112862.15958991797
-48.75 114918.27639552663
-48.25 122255.74545116766
-47.75 125564.09725502903
-47.2 139302.04193226187
-45.95 149609.7952083935
-42.5 186113.3109529269
-37.5 238561.25006914462
-32.5 273604.0447413517
-27.5 300100.3085005972
-22.5 318889.8254408696
-17.5 333801.6044934589
-12.5 342873.9080635566
-7.5 346035.60688872036
-2.5 343348.83941832243
2.5 334984.2236938817
7.5 321189.448491042
12.5 302311.3460571305
17.5 278794.3759873246
22.5 251079.88563511433
27.5 219804.97328791165
32.5 185686.25323451206
37.5 149573.69015943637
42.5 112573.92650159192
47.35 77430.58326931433
50.0 59134.85232187193
50.6 55281.21499319803
51.2 51512.94827585268
51.8 47837.569846311395
52.4 44267.12987422
53.0 40781.58355290447
53.6 37432.612890454584
54.2 34204.06851273092
54.8 31107.202916622566
55.4 28150.054070314676
56.0 25339.000659924986
56.6 22679.26698773507
57.2 20172.525717733843
57.8 17822.460329889494
58.35 15817.834960126325
58.85 14114.050331438513
59.35 12527.442541376831
59.85 11059.291458951046
60.35 9710.267860133245
60.85 8480.144231874892
61.1 7961.260620489919
61.35 7336.337855204595
61.85 6320.201593394009
62.1 5938.730173459272
62.26 5580.896802189464
62.59 5021.836768184787
62.92 4471.990475952658
63.35 3801.1712545898017
63.85 3108.051934867937
64.35 2337.7912420122234
64.85 1746.0387444867192
65.35 1186.1901670983398
65.85 564.9690298850032
80
-66.75 2325.7252049082927
-66.25 3378.008399310789
-65.75 4636.950032324541
-65.25 5677.944394800484
-65.0 10538.192368524435
-64.75 10107.666427119842
-64.25 9289.52309642305
-63.75 4654.163927379142
-63.25 11310.586027925276
-62.75 8260.380540822269
-62.25 8683.27039873506
-61.75 9477.687887885018
-61.25 52046.01948274383
-60.75 53643.39377226494
-60.25 45842.60082767238
-59.75 47659.96286274209
-59.25 49634.69535029825
-58.75 51702.45634099865
-58.25 53932.97509324533
-57.75 46148.38192043469
-57.25 50968.50009692837
-56.75 53215.941109201034
-56.25 47219.31831259794
-55.75 86301.66780747335
-55.0 93287.67586346307
-54.0 100054.51932402243
-53.0 106647.70098867133
-52.0 108158.19222717625
-51.0 84927.5780266749
-50.25 91508.98413952997
-50.0 88857.98868747654
-49.5 93287.0064669206
-49.0 111083.64821160586
-48.75 113144.61233593425
-48.25 120515.09810935616
-47.75 123838.10521727534
-47.2 137703.71264594977
-45.95 148111.41295975193
-42.5 185328.00883712986
-37.5 239160.76805582875
-32.5 275690.27428817353
-27.5 303712.38450260134
-22.5 324049.54810514115
-17.5 340474.86341635487
-12.5 350982.59455371386
-7.5 355425.5155490296
-2.5 353819.05959962896
2.5 346294.93117449706
7.5 333072.33035453595
12.5 314477.6069039056
17.5 290929.48428066494
22.5 262847.9122920516
27.5 230863.80498650248
32.5 195700.53269998505
37.5 158214.82565411454
42.5 119502.40700162285
47.35 82347.33702161399
50.0 62654.926586515016
50.6 58504.313052683035
51.2 54443.41177653035
51.8 50480.336715246616
52.4 46624.79137119627
53.0 42878.700743361085
53.6 39262.43009318463
54.2 35779.873983694924
54.8 32441.82007241731
55.4 29258.168302488237
56.0 26237.764080265184
56.6 23388.171621243255
57.2 20712.893442355245
57.8 18219.170804131914
58.35 16101.675724648767
58.85 14314.207294171205
59.35 12658.601175356638
59.85 11135.11146842653
60.35 9743.279220682098
60.85 8482.14430888055
61.1 7946.043818189192
61.35 7317.670371740199
61.85 6289.81763041322
62.1 5901.011304569094
62.26 5544.2149737902055
62.59 4984.562408167491
62.92 4436.151503272759
63.35 3769.648473951657
63.85 3082.258241372507
64.35 2318.4532200367075
64.85 1732.085906633467
65.35 1176.8514584426432
65.85 560.5235995019273
90
-66.75 2343.8527220575634
-66.25 3384.3393152595845
-65.75 4620.134755021255
-65.25 5895.55041179648
-65.0 10872.576404073952
-64.75 10468.985367807065
-64.25 9691.530892771196
-63.75 4551.815914850795
-63.25 11876.770878187685
-62.75 8725.789809007892
-62.25 9122.88241813435
-61.75 9861.492578104007
-61.25 51911.02996560054
-60.75 53373.58756335226
-60.25 45281.931254519506
-59.75 46945.11973028458
-59.25 48757.27928113647
-58.75 50653.933083324504
-58.25 52707.57364714658
-57.75 44650.550286022306
-57.25 49309.258891299316
-56.75 51378.796014193416
-56.25 45271.316590686925
-55.75 84336.2737538875
-55.0 91037.44947566502
-54.0 97386.54179892977
-53.0 103566.00834841996
-52.0 104651.88862616802
-51.0 81583.70328700078
-50.25 87974.44215205654
-50.0 85558.03306517286
-49.5 89874.53433100322
-49.0 106895.85403580888
-48.75 108907.0426796702
-48.25 116082.59048890155
-47.75 119336.03816744279
-47.2 132876.22838626913
-45.95 143075.5872082632
-42.5 179783.49291123994
-37.5 233190.34715373866
-32.5 269911.84392779093
-27.5 298454.60035265586
-22.5 319603.52888639475
-17.5 336939.0582366959
-12.5 348482.6109782229
-7.5 354027.1780953995
-2.5 353549.52784561465
2.5 347139.8505379625
7.5 334981.4710846536
12.5 317370.0851587462
17.5 294681.2016143152
22.5 267291.8612460088
27.5 235798.5476368869
32.5 200892.00778941647
37.5 163371.7102465333
42.5 124208.83456732343
47.35 86047.11376597479
50.0 65428.501893129804
50.6 61062.851178458455
51.2 56785.88617498069
51.8 52606.26818604093
52.4 48530.86189222527
53.0 44586.75775028525
53.6 40758.10495248417
54.2 37071.679949511024
54.8 33537.49556992217
55.4 30167.30636661956
56.0 26972.47999236874
56.6 23963.01581657268
57.2 21144.222415479016
57.8 18527.638445667057
58.35 16312.87423261129
58.85 14453.537669804153
59.35 12738.478702784829
59.85 11167.166262572093
60.35 9738.274733651355
60.85 8450.499168551265
61.1 7897.599002651771
61.35 7268.884170786787
61.85 6232.05715398064
62.1 5835.6985622919
62.26 5481.540204897891
62.59 4922.781224279304
62.92 4377.400405676727
63.35 3717.5489147661137
63.85 3038.4040506081487
64.35 2284.107753456666
64.85 1706.0901015723512
65.35 1158.4245075810934
65.85 549.3552389894683
100
-66.75 2296.1044537758366
-66.25 3298.926097762529
-65.75 4482.770443995952
-65.25 5950.142761592703
-65.0 10893.77384772924
-64.75 10533.94911191716
-64.25 9831.164802262343
-63.75 4438.702769884184
-63.25 12134.30531845581
-62.75 9035.059992628918
-62.25 9439.641985642222
-61.75 10152.194923346991
-61.25 50335.54449151432
-60.75 51640.5019647227
-60.25 43532.11526160914
-59.75 45022.84621345807
-59.25 46653.74457704188
-58.75 48361.9858601236
-58.25 50220.12515733162
-57.75 42216.13638799575
-57.25 46614.17352032581
-56.75 48498.44361909316
-56.25 42580.267870874326
-55.75 80354.60882927063
-55.0 86636.64725412644
-54.0 92471.09084179164
-53.0 98142.15331207667
-52.0 98869.53501746093
-51.0 76886.22194983554
-50.25 82938.58813851538
-50.0 80879.13927960648
-49.5 84972.1802767887
-49.0 100645.41453707969
-48.75 102557.18715292573
-48.25 109326.4452461916
-47.75 112434.38104919896
-47.2 125222.81956565581
-45.95 134930.88071471395
-42.5 169978.6326154194
-37.5 221229.03921113274
-32.5 256850.73867172317
-27.5 284859.4629824862
-22.5 306002.3492140341
-17.5 323562.8198073386
-12.5 335658.00487266225
-7.5 342039.0197922346
-2.5 342653.95879353315
2.5 337552.17907374835
7.5 326876.1830591841
12.5 310882.52730988705
17.5 289887.87849471375
22.5 264205.5617569957
27.5 234369.3119707283
32.5 201002.95912363892
37.5 164794.12665144517
42.5 126477.42170223419
47.35 88368.8296650773
50.0 67347.91849027773
50.6 62859.90835280308
51.2 58454.01680131139
51.8 54139.47813253498
52.4 49920.32150225648
53.0 45849.10253056254
53.6 41873.42436361501
54.2 38043.15961462602
54.8 34367.485972679206
55.4 30859.92081393813
56.0 27534.232948416244
56.6 24402.75883010204
57.2 21472.44155792559
57.8 18759.3448177258
58.35 16466.900538121125
58.85 14549.982786309016
59.35 12786.607569128286
59.85 11175.740240971862
60.35 9715.506223037672
60.85 8404.697392011658
61.1 7835.139880636481
61.35 7208.03084172443
61.85 6163.088593770094
62.1 5758.105502056359
62.26 5407.301029458203
62.59 4849.391365614484
62.92 4307.009515881626
63.35 3654.1217821332752
63.85 2983.5684179415207
64.35 2239.8372038627726
64.85 1671.5711875322409
65.35 1133.1623423539954
65.85 532.4591149398871
110
-66.75 2186.8184646256136
-66.25 3128.804588074998
-65.75 4235.662335767772
-65.25 5846.590728130122
-65.0 10614.060753185957
-64.75 10312.439899539218
-64.25 9713.22893811691
-63.75 4329.300688507424
-63.25 12081.733271296054
-62.75 9169.642456416459
-62.25 9606.819207233137
-61.75 10317.621024076258
-61.25 47447.38421988478
-60.75 48582.74187136193
-60.25 40728.43311432524
-59.75 42041.776909827306
-59.25 43487.45972664798
-58.75 45005.962778665904
-58.25 46667.30752427585
-57.75 39044.31696954608
-57.25 43105.42111085508
-56.75 44816.252424024875
-56.25 39384.550438161015
-55.75 74686.1609726127
-55.0 80454.35389858844
-54.0 85727.13904253657
-53.0 90845.4062122778
-52.0 91319.81059395321
-51.0 71261.06983458246
-50.25 76857.44850565307
-50.0 75239.40780635554
-49.5 79017.2092970872
-49.0 92899.30613979622
-48.75 94671.19626889502
-48.25 100860.65412028853
-47.75 103761.11512408641
-47.2 115442.505893321
-45.95 124426.16630830102
-42.5 156838.39634898034
-37.5 204443.15942769326
-32.5 237795.8221003164
-27.5 264267.18862935354
-22.5 284583.6010473803
-17.5 301668.80986694165
-12.5 313793.6193323918
-7.5 320685.4586055949
-2.5 322274.8258846208
2.5 318573.8183854717
7.5 309681.49786846765
12.5 295809.3058840301
17.5 277202.8774817698
22.5 254093.4079498097
27.5 226927.07511583902
32.5 196237.7809013839
37.5 162565.47451117888
42.5 126308.56577462626
47.35 89273.49949293068
50.0 68379.4344095935
50.6 63863.95356097767
51.2 59418.8033683748
51.8 55053.887141847714
52.4 50770.88148536687
53.0 46645.29323992402
53.6 42592.28873224217
54.2 38682.51439111234
54.8 34924.511974806046
55.4 31333.413754220946
56.0 27925.126554418184
56.6 24714.063019080386
57.2 21708.527486784526
57.8 18928.81086212737
58.35 16580.938210752993
58.85 14622.37345476299
59.35 12822.925576617916
59.85 11181.33763372135
60.35 9695.50794753876
60.85 8364.74516184506
61.1 7778.736608069458
61.35 7154.004243513342
61.85 6100.2692415032525
62.1 5685.074459612381
62.26 5337.4555419494645
62.59 4778.98105304098
62.92 4238.053151129729
63.35 3590.4500132632515
63.85 2926.63234053057
64.35 2192.407753782844
64.85 1633.4944892239675
65.35 1104.4837288598887
65.85 511.79703275234175
120
-66.75 2026.3956855841177
-66.25 2889.5099358400207
-65.75 3900.8634822997237
-65.25 5606.595710218265
-65.0 10076.481052126903
-64.75 9844.163392721279
-64.25 9370.397174370986
-63.75 4235.771526820729
-63.25 11752.2548050319
-62.75 9135.222675865645
-62.25 9620.919268847201
-61.75 10346.791308012336
-61.25 43503.1505152838
-60.75 44469.581833343545
-60.25 37112.31148522326
-59.75 38258.48310524769
-59.25 39531.58177292994
-58.75 40876.69363686591
-58.25 42358.99253362911
-57.75 35418.3145957621
-57.25 39097.56239354748
-56.75 40665.643825170126
-56.25 35982.656180547856
-55.75 67838.18952210419
-55.0 73047.53988278874
-54.0 77766.89527822338
-53.0 82342.46731381802
-52.0 82697.43453167699
-51.0 65221.83202708621
-50.25 70284.44247557607
-50.0 69140.29477399762
-49.5 72538.2940798613
-49.0 84369.38272470381
-48.75 85973.07462322169
-48.25 91464.00322574264
-47.75 94112.73117205534
-47.2 104439.42621299339
-45.95 112533.44157070511
-42.5 141595.31738493982
-37.5 184438.33035077123
-32.5 214579.68451804834
-27.5 238656.1726756197
-22.5 257403.37102355663
-17.5 273368.5537116239
-12.5 285016.5770637259
-7.5 292067.8995255302
-2.5 294446.5230771775
2.5 292133.02183578635
7.5 285182.2363731303
12.5 273757.48331724113
17.5 258025.6851884175
22.5 238121.06785908193
27.5 214383.87225736512
32.5 187251.1743499399
37.5 157104.81808903744
42.5 123928.08288081565
47.35 88854.2714544227
50.0 68569.73220192635
50.6 64114.614541542374
51.2 59713.63179440799
51.8 55377.500502403236
52.4 51106.38735496286
53.0 46994.07273055298
53.6 42930.78326579794
54.2 39003.67360387633
54.8 35221.049739121765
55.4 31599.479155493897
56.0 28156.651409229
56.6 24908.686038321666
57.2 21864.933589769164
57.8 19049.203830664883
58.35 16668.863556426615
58.85 14685.007377285743
59.35 12862.085715823234
59.85 11198.87183814741
60.35 9693.323827682956
60.85 8345.599961965716
61.1 7743.837888066367
61.35 7121.354709423017
61.85 6057.470014639293
62.1 5630.568411965674
62.26 5285.312708407461
62.59 4724.082657333753
62.92 4182.1245195502115
63.35 3536.7391423397694
63.85 2876.1930911520235
64.35 2148.7376320927656
64.85 1597.1940951018596
65.35 1076.2670101942751
65.85 489.9633784692265
130
-66.75 1830.2718354890112
-66.25 2603.500892244697
-65.75 3509.3915596738316
-65.25 5266.652568218704
-65.0 9350.992117488653
-64.75 9195.069384420807
-64.25 8860.14194625793
-63.75 4165.358677315884
-63.25 11210.587858505036
-62.75 8960.54490232491
-62.25 9501.783110832175
-61.75 10251.83567809667
-61.25 38861.18947701698
-60.75 39672.37924748078
-60.25 33005.242376688286
-59.75 34009.60554082978
-59.25 35139.212737326736
-58.75 36344.48520789503
-58.25 37683.83495724397
-57.75 31671.696248314413
-57.25 34960.076179749674
-56.75 36431.39764224515
-56.25 32690.96542491678
-55.75 60439.175687065814
-55.0 65098.51369935887
-54.0 69326.04912420697
-53.0 73420.4037900536
-52.0 73800.68449668156
-51.0 59300.73986535055
-50.25 63797.52046376337
-50.0 63101.90117652993
-49.5 66088.40652927995
-49.0 75822.55074959365
-48.75 77243.70146455482
-48.25 81983.4717292636
-47.75 84355.960018083
-47.2 93213.38131388648
-45.95 100331.41506127345
-42.5 125646.10513202671
-37.5 163075.67766177186
-32.5 189370.24118683126
-27.5 210418.64096744455
-22.5 227003.97960221034
-17.5 241325.11087672404
-12.5 252058.87744797254
-7.5 258932.24508572815
-2.5 261872.83281413562
2.5 260836.67113498595
7.5 255834.69256177926
12.5 246982.08212335248
17.5 234364.26578408995
22.5 218007.8420114574
27.5 198137.0715278953
32.5 175103.5547341088
37.5 149147.456059215
42.5 119782.88757085058
47.35 87338.41481018317
50.0 68048.1856637095
50.6 63724.91661677008
51.2 59436.45924246753
51.8 55194.499996945
52.4 50998.70338536405
53.0 46955.33030457305
53.6 42938.85176439202
54.2 39047.66866401761
54.8 35290.34213279027
55.4 31684.67973518289
56.0 28249.76029284543
56.6 25002.996275695947
57.2 21954.481993413796
57.8 19130.624937907385
58.35 16738.998350597918
58.85 14744.98446080236
59.35 12910.417038574797
59.85 11234.307751945345
60.35 9714.903998252372
60.85 8353.422806888804
61.1 7737.370053473014
61.35 7116.526407753065
61.85 6041.426987841899
62.1 5602.044719449785
62.26 5258.0422296851
62.59 4691.897880605745
62.92 4146.330637273936
63.35 3499.700882887261
63.85 2838.4181399686636
64.35 2114.1925546424573
64.85 1567.0933532234017
65.35 1051.9432185009316
65.85 469.6404520884534
140
-66.75 1617.633502038452
-66.25 2298.218756046735
-65.75 3098.424912336751
-65.25 4874.457376746829
-65.0 8528.284179127239
-64.75 8451.26959352787
-64.25 8258.933289563522
-63.75 4119.380193197558
-63.25 10546.253763369696
-62.75 8693.080215211176
-62.25 9289.126717382233
-61.75 10065.781865244993
-61.25 33949.90042200071
-60.75 34631.24589064373
-60.25 28778.64541407047
-59.75 29679.551925210224
-59.25 30708.603724871144
-58.75 31821.515104093243
-58.25 33068.48329854345
-57.75 28146.913116584677
-57.25 31071.362930219955
-56.75 32499.599340391193
-56.25 29793.759084649544
-55.75 53171.80826093435
-55.0 57340.89334688514
-54.0 61181.45745067948
-53.0 64896.32074308592
-52.0 65435.6040805017
-51.0 53977.808475549835
-50.25 57924.79879330512
-50.0 57600.52133414587
-49.5 60179.95362779238
-49.0 67985.06184722234
-48.75 69224.32738409669
-48.25 73231.29464828795
-47.75 75324.14789062434
-47.2 82742.39354262615
-45.95 88882.40821286947
-42.5 110401.93326411047
-37.5 142280.4826170982
-32.5 164454.07474349078
-27.5 182125.7007831189
-22.5 196167.34063789767
-17.5 208496.51979877305
-12.5 217996.1517217517
-7.5 224408.76427745054
-2.5 227673.98368357294
2.5 227730.52835894216
7.5 224546.04427856347
12.5 218190.1440591537
17.5 208668.4659848291
22.5 195893.69063126837
27.5 179973.09107757817
32.5 161200.31351825316
37.5 139711.3259269025
42.5 114523.15005248903
47.35 85078.396541047
50.0 67021.86603369105
50.6 62877.06590082776
51.2 58746.34256264086
51.8 54642.47559199945
52.4 50565.57282578575
53.0 46628.660788629706
53.6 42699.378711487145
54.2 38882.19050825672
54.8 35186.360825568896
55.4 31630.735256948356
56.0 28235.400050819386
56.6 25018.66275878365
57.2 21991.10848767572
57.8 19180.821162790613
58.35 16794.712987339888
58.85 14802.666056553586
59.35 12966.181364006923
59.85 11284.659369858678
60.35 9756.79433871169
60.85 8384.936524753572
61.1 7756.803143619793
61.35 7136.893423698126
61.85 6050.498467342073
62.1 5598.977755463138
62.26 5255.198265981341
62.59 4682.731839994924
62.92 4131.68648293681
63.35 3480.9865434768144
63.85 2815.5883755757554
64.35 2091.280743866082
64.85 1545.6292875223296
65.35 1033.6582167776073
65.85 452.9504185063957
150
-66.75 1410.3636905069598
-66.25 2004.4256867742815
-65.75 2708.7510613314253
-65.25 4484.319231088752
-65.0 7712.64767895997
-64.75 7711.5855591400905
-64.25 7654.531893927456
-63.75 4094.131561410494
-63.25 9864.149232621983
-62.75 8392.05084831036
-62.25 9036.072181731137
-61.75 9836.788457434122
-61.25 29242.735692685186
-60.75 29828.21944947311
-60.25 24827.870197745633
-59.75 25671.394189646537
-59.25 26650.36960898739
-58.75 27724.846874054278
-58.25 28935.91688626158
-57.75 25149.065401037147
-57.25 27767.509154845895
-56.75 29201.966788441856
-56.25 27493.761859482864
-55.75 46703.51154048667
-55.0 50482.09467554867
-54.0 54063.91909258462
-53.0 57521.44027002808
-52.0 58314.576955610435
-51.0 49619.7791098562
-50.25 53080.201300104796
-50.0 53018.3063384062
-49.5 55231.89794265196
-49.0 61452.42522366949
-48.75 62526.10529128573
-48.25 65887.29730681381
-47.75 67720.14040280449
-47.2 73869.39237561752
-45.95 79115.77580030251
-42.5 97150.55569221487
-37.5 123872.15813556682
-32.5 142052.2114601029
-27.5 156334.53790353198
-22.5 167717.23341536397
-17.5 177931.51990310618
-12.5 186039.72858992888
-7.5 191804.50952453786
-2.5 195183.69649787882
2.5 196105.18780247233
7.5 194493.87688896063
12.5 190378.0656354667
17.5 183688.82590990365
22.5 174223.5742015066
27.5 161980.35925794113
32.5 147230.9383788708
37.5 130052.46306367093
42.5 108966.98984475964
47.35 82527.34290917548
50.0 65759.42377302285
50.6 61808.13279699425
51.2 57850.884426107295
51.8 53901.58645736309
52.4 49961.457369860196
53.0 46145.71504982933
53.6 42322.0743405205
54.2 38596.91640435862
54.8 34980.490184842085
55.4 31492.472247828646
56.0 28153.62440683327
56.6 24982.814779145116
57.2 21990.931590293483
57.8 19206.97875231696
58.35 16836.722611546975
58.85 14854.27880440689
59.35 13022.342733861115
59.85 11340.777273462278
60.35 9808.79259943201
60.85 8429.81281537488
61.1 7792.291266861999
61.35 7172.760540565634
61.85 6076.2056103917685
62.1 5614.052700690571
62.26 5269.800427612521
62.59 4690.754112646801
62.92 4133.569136317539
63.35 3477.331825060641
63.85 2805.9474207817784
64.35 2079.3052361401697
64.85 1532.833125624931
65.35 1021.850146251689
65.85 440.94008450350935
160
-66.75 1232.5994477504591
-66.25 1755.3060212174594
-65.75 2383.0049595687915
-65.25 4151.882828102078
-65.0 7014.45567615022
-64.75 7079.200412581815
-64.25 7136.873573187628
-63.75 4083.144794070568
-63.25 9272.937270184817
-62.75 8119.525043578062
-62.25 8800.386617496133
-61.75 9619.557234188194
-61.25 25250.28577290377
-60.75 25776.99883585671
-60.25 21557.0116110556
-59.75 22386.82987816772
-59.25 23361.857615743626
-58.75 24444.739819340208
-58.25 25667.530947929037
-57.75 22902.793045111444
-57.25 25294.662576576156
-56.75 26766.061830769813
-56.25 25882.116435956337
-55.75 41622.00578943738
-55.0 45130.79100435164
-54.0 48576.31030259251
-53.0 51892.08361892702
-52.0 52965.503204175606
-51.0 46446.372445582034
-50.25 49525.85205738797
-50.0 49615.95786601479
-49.5 51539.334008804115
-49.0 56624.77952402662
-48.75 57564.95860645287
-48.25 60425.720617667685
-47.75 62043.805028302464
-47.2 67211.6618997117
-45.95 71734.92367509994
-42.5 86945.47758127449
-37.5 109434.08266460108
-32.5 124194.0642354541
-27.5 135475.21312067218
-22.5 144421.29997997393
-17.5 152680.02866158375
-12.5 159452.71504046835
-7.5 164523.04014676248
-2.5 167870.26950173872
2.5 169416.34869686965
7.5 169044.99038897827
12.5 166748.5892137106
17.5 162392.2669254358
22.5 155665.10823949875
27.5 146472.56496003343
32.5 135096.13589068758
37.5 121591.28989971936
42.5 104033.00065377535
47.35 80191.27863987004
50.0 64559.62820278201
50.6 60781.89337107245
51.2 56981.271140836885
51.8 53172.68695178153
52.4 49358.69874225745
53.0 45653.96735150554
53.6 41930.008212374894
54.2 38292.63419545343
54.8 34753.103644257084
55.4 31331.70788822802
56.0 28049.62182203337
56.6 24926.026946795115
57.2 21971.98798059108
57.8 19216.917569327263
58.35 16865.374030277464
58.85 14894.957260875692
59.35 13070.1629635066
59.85 11391.294158806202
60.35 9858.042227122485
60.85 8474.71751603589
61.1 7830.643330419378
61.35 7211.173517768733
61.85 6106.657199878399
62.1 5636.31955242999
62.26 5291.328960752397
62.59 4706.6261399477235
62.92 4143.947098060827
63.35 3482.3058314270393
63.85 2804.916242861272
64.35 2075.1468198541784
64.85 1526.781213757161
65.35 1015.4616919790055
65.85 433.4774144250785
170
-66.75 1110.1088110919964
-66.25 1585.3014280752452
-65.75 2163.5358718442644
-65.25 3927.6449054386053
-65.0 6539.695861022557
-64.75 6650.635380488612
-64.25 6786.997465998761
-63.75 4079.767732003053
-63.25 8870.790947046196
-62.75 7930.447511821041
-62.25 8634.337669472256
-61.75 9464.885274455986
-61.25 22515.494451735896
-60.75 23015.52208942576
-60.25 19365.044754325976
-59.75 20207.10131002352
-59.25 21202.79757624804
-58.75 22315.600453169827
-58.25 23570.445460527717
-57.75 21530.563935225895
-57.25 23785.48045710188
-56.75 25296.38673864141
-56.25 24950.765297083253
-55.75 38382.31601906383
-55.0 41740.337075424744
-54.0 45136.20583073913
-53.0 48393.896724710175
-52.0 49687.13158608936
-51.0 44541.59506264835
-50.25 47378.89212741364
-50.0 47536.802705134534
-49.5 49273.76328004073
-49.0 53697.19934380442
-48.75 54550.34401541159
-48.25 57096.83707612771
-47.75 58571.80210975771
-47.2 63125.367739694935
-45.95 67175.30132322136
-42.5 80536.66345034145
-37.5 100217.64096622221
-32.5 112620.13247592935
-27.5 121769.15427401467
-22.5 128933.68675066317
-17.5 135753.9177919376
-12.5 141521.49829452694
-7.5 146038.01106906636
-2.5 149301.939973658
2.5 151232.2381706178
7.5 151678.7916606533
12.5 150606.6130515705
17.5 147830.87459519607
22.5 142956.70135702143
27.5 135824.74732678023
32.5 126739.29475298342
37.5 115753.1592925254
42.5 100615.24252215773
47.35 78551.21325275523
50.0 63702.921932087964
50.6 60045.68329599445
51.2 56354.136566227695
51.8 52643.92993328865
52.4 48918.69576517565
53.0 45291.750418000775
53.6 41638.68915774058
54.2 38064.05941099735
54.8 34579.87393277513
55.4 31206.80643653369
56.0 27966.248587799324
56.6 24877.531699796087
57.2 21951.81302999071
57.8 19218.639882098287
58.35 16881.675587914033
58.85 14920.819912992069
59.35 13102.084324938685
59.85 11426.089196110715
60.35 9892.867910012672
60.85 8507.316738803811
61.1 7859.425304406563
61.35 7239.906400621214
61.85 6130.355665086195
62.1 5654.8961206432405
62.26 5309.289482354884
62.59 4720.800630375597
62.92 4154.3613595170555
63.35 3488.8553924056328
63.85 2807.1109091052203
64.35 2074.814520621065
64.85 1524.7128463788922
65.35 1012.6993083592898
65.85 429.6597733722324
180
-66.75 1065.959233114991
-66.25 1524.393451484675
-65.75 2085.5460178027593
-65.25 3848.3356901272646
-65.0 6370.731722065291
-64.75 6498.541785174716
-64.25 6663.190820879027
-63.75 4079.2154763567105
-63.25 8728.104524255179
-62.75 7862.8727607467545
-62.25 8574.58119411043
-61.75 9408.947705338476
-61.25 21531.74952217699
-60.75 22025.276944190507
-60.25 18587.6410439287
-59.75 19439.026300452544
-59.25 20447.359094441676
-58.75 21576.14005403009
-58.25 22847.528520340682
-57.75 21071.7310117697
-57.25 23281.149503836426
-56.75 24808.62320311505
-56.25 24649.16998301143
-55.75 37270.07943681482
-55.0 40580.87148918449
-54.0 43967.43723965518
-53.0 47211.69278407773
-52.0 48588.340664793184
-51.0 43909.5591552845
-50.25 46663.87405657533
-50.0 46839.26808973267
-49.5 48511.97765555918
-49.0 52720.81036851974
-48.75 53543.69309722622
-48.25 55983.41646136276
-47.75 57407.954935555084
-47.2 61753.35103725993
-45.95 65638.23541379735
-42.5 78354.70647137015
-37.5 97047.86090165176
-32.5 108600.48008574519
-27.5 116965.7695286715
-22.5 123463.53838632163
-17.5 129743.33116871398
-12.5 135129.04898487934
-7.5 139429.89189241928
-2.5 142652.5327044363
2.5 144714.9282737016
7.5 145452.9913230099
12.5 144820.75502775057
17.5 142613.71571365878
22.5 138404.03682235788
27.5 132008.5549984664
32.5 123743.09059468315
37.5 113661.3820203947
42.5 99390.61598950603
47.35 77960.80153446498
50.0 63392.479499120294
50.6 59778.40264460822
51.2 56125.9728997005
51.8 52451.10104886183
52.4 48757.82966623972
53.0 45158.84060393551
53.6 41531.42342518099
54.2 37979.533453720804
54.8 34515.461653343446
55.4 31160.013724819088
56.0 27934.64685399786
56.6 24858.735973057228
57.2 21943.468066511214
57.8 19218.41512726319
58.35 16886.912978294655
58.85 14929.665839446478
59.35 13113.26915086922
59.85 11438.4594932412
60.35 9905.393527583443
60.85 8519.173480649833
61.1 7870.034564898596
61.35 7250.485273953921
61.85 6139.217100305773
62.1 5662.018367749956
62.26 5316.1765132159135
62.59 4726.360030851921
62.92 4158.588752021413
63.35 3491.687191740772
63.85 2808.3607166068405
64.35 2075.1072631839443
64.85 1524.3191912619027
65.35 1011.9846473685667
65.85 428.5215084629808
