0
-66.75 465.84534995030145
-66.25 686.0054803572981
-65.75 951.8512062376454
-65.25 1233.3312094102885
-65.0 2204.419327880522
-64.75 2148.7104154488015
-64.25 2017.608697563539
-63.75 1046.5115485956983
-63.25 2460.9562211564275
-62.75 1868.6063070768755
-62.25 1955.5814847356887
-61.75 2105.420180550932
-61.25 10165.577732291433
-60.75 10467.126746317444
-60.25 8950.686350961054
-59.75 9280.095127963412
-59.25 9632.741358802929
-58.75 9994.703935749656
-58.25 10380.692416121205
-57.75 8817.590280490753
-57.25 9685.042969538032
-56.75 10047.427533453605
-56.25 8814.366525675025
-55.75 16301.647277135042
-55.0 17524.092143734688
-54.0 18637.683467042007
-53.0 19701.843073209646
-52.0 19767.859777527956
-51.0 15091.471404592312
-50.25 16205.58656060156
-50.0 15666.135916582094
-49.5 16411.033539664626
-49.0 19663.22511877054
-48.75 20018.26853232866
-48.25 21332.58951574974
-47.75 21877.394026426155
-47.2 24429.65257837351
-45.95 26205.92226329185
-42.5 32816.83919185137
-37.5 42518.67856091269
-32.5 49077.2519179679
-27.5 54129.85739186253
-22.5 57826.446105717274
-17.5 60868.26820205705
-12.5 62877.46185809127
-7.5 63821.53615336558
-2.5 63691.46827489865
2.5 62508.6780610431
7.5 60306.775700653336
12.5 57136.069815892326
17.5 53056.07562901287
22.5 48130.61911437081
27.5 42468.36401753619
32.5 36192.31108729417
37.5 29454.343418460874
42.5 22466.37430744773
47.35 15732.07150078395
50.0 12124.275168759552
50.6 11367.00494692352
51.2 10627.19809134478
51.8 9906.107090548841
52.4 9204.425173404523
53.0 8527.347263690026
53.6 7869.8333193782655
54.2 7236.653341802417
54.8 6628.380832849874
55.4 6045.860252494485
56.0 5489.753282565719
56.6 4960.771680246295
57.2 4458.202443662965
57.8 3984.8840105377167
58.35 3581.5236389536485
58.85 3237.5945920875997
59.35 2916.722663270824
59.85 2619.1785194335343
60.35 2345.109073412615
60.85 2093.513769663085
61.1 1995.8410888450942
61.35 1856.1253124055365
61.85 1642.3287077906384
62.1 1574.45151931981
62.26 1489.620615058556
62.59 1367.0298309307675
62.92 1242.8399172249754
63.35 1082.4810384952661
63.85 911.7744726711251
64.35 699.6620845017118
64.85 534.0251782584495
65.35 369.89848203860436
65.85 179.75352659465892
4.17
-66.75 938.8908835310478
-66.25 1034.6379873882684
-65.75 1165.5656543996038
-65.25 1479.7172867507018
-65.0 2307.1038876860166
-64.75 2266.6952947754767
-64.25 2162.4659529560618
-63.75 1032.5542132018174
-63.25 2567.176228991863
-62.75 1929.098525223272
-62.25 1895.8970978496843
-61.75 1876.1160366265194
-61.25 8854.01044645714
-60.75 9011.210823789288
-60.25 7410.31328799255
-59.75 7563.325871233758
-59.25 7729.440655527707
-58.75 7898.39448634536
-58.25 8085.485136935571
-57.75 6311.716673484705
-57.25 6979.257889187046
-56.75 7136.742768290574
-56.25 5670.550372188044
-55.75 12962.161957649325
-55.0 13886.023143820059
-54.0 14629.007011746968
-53.0 15342.010710830247
-52.0 15110.683060845226
-51.0 10566.140764288739
-50.25 11543.339061041768
-50.0 11170.520461129221
-49.5 11828.448861124049
-49.0 14516.861449735121
-48.75 14822.323505660845
-48.25 15977.609073745412
-47.75 16467.683165536877
-47.2 18716.233479010833
-45.95 20290.61870258305
-42.5 26204.773797598886
-37.5 35148.88750570219
-32.5 41612.24173066272
-27.5 46977.08242037488
-22.5 51350.83253936945
-17.5 55194.737861916234
-12.5 58189.01210167048
-7.5 60264.55079275985
-2.5 61378.546086606024
2.5 61512.41385564096
7.5 60666.37670073482
12.5 58842.60051009395
17.5 56041.98597399703
22.5 52278.11641052804
27.5 47597.24984360377
32.5 42047.19829083623
37.5 35686.73860163693
42.5 28625.202634267207
47.35 21282.69354603491
50.0 16940.36951092237
50.6 16022.098723537594
51.2 15113.973903771042
51.8 14217.044343164065
52.4 13329.78225070617
53.0 12471.030715812532
53.6 11614.177622585783
54.2 10776.065335990837
54.8 9955.321601038826
55.4 9152.06414290856
56.0 8365.960113935476
56.6 7598.34541078776
57.2 6850.181127242374
57.8 6129.476267266043
58.35 5501.303125837099
58.85 4957.527066111882
59.35 4442.120189212078
59.85 3956.419134769048
60.35 3501.180409734133
60.85 3076.4800001272542
61.1 2893.7600925961437
61.35 2672.1716341648266
61.85 2305.324949079476
62.1 2164.2634566813576
62.26 2033.486984806617
62.59 1825.3327695853632
62.92 1618.925276517047
63.35 1365.7876322252448
63.85 1102.8995411007043
64.35 815.858728462739
64.85 593.9918462350846
65.35 391.02959337246
65.85 177.53448791237656
