80
-66.75 2671.8712795935708
-66.25 2731.267243334549
-65.75 2803.802982836006
-65.25 3222.3109006556397
-65.0 3955.504608458509
-64.75 3927.8388383533193
-64.25 3845.175506761242
-63.75 2859.995746037847
-63.25 4408.589373108774
-62.75 3801.9558736694053
-62.25 3771.911685219684
-61.75 3756.1154495277483
-61.25 10428.212872538777
-60.75 10626.62639007691
-60.25 8819.363707042983
-59.75 9022.322986389341
-59.25 9242.160512073448
-58.75 9465.549539599146
-58.25 9707.657074479863
-57.75 7748.028881044828
-57.25 8482.706560241975
-56.75 8671.531382215626
-56.25 7022.23662995567
-55.75 15387.3383580074
-55.0 16440.390720882897
-54.0 17263.628882789504
-53.0 18006.49016126926
-52.0 17557.08771732699
-51.0 11589.24774469444
-50.25 12459.066540230695
-50.0 11779.39491271164
-49.5 12353.774520306044
-49.0 15749.373650013453
-48.75 16017.145233264304
-48.25 17280.559433956034
-47.75 17669.73710447475
-47.2 20280.371467342124
-45.95 21606.081305105752
-42.5 27277.55380009842
-37.5 35885.98048511683
-32.5 41144.56930941544
-27.5 45058.25420580787
-22.5 47690.0674897237
-17.5 49992.33065649067
-12.5 51576.304523576415
-7.5 52423.50471547074
-2.5 52535.66044545403
2.5 51939.02505062846
7.5 50658.2133734822
12.5 48710.510033257764
17.5 46104.490245721936
22.5 42842.76624723668
27.5 38954.60728672695
32.5 34468.45812661776
37.5 29423.155885243283
42.5 23903.848841476803
47.35 18202.30715948063
50.0 14822.748863682598
50.6 14100.72700400614
51.2 13385.333735973561
51.8 12677.029105416996
52.4 11974.526881650361
53.0 11290.57461033601
53.6 10606.279845658153
54.2 9932.869029308387
54.8 9268.991706793207
55.4 8614.052849721575
56.0 7966.921580751892
56.6 7326.355001520156
57.2 6691.233444790435
57.8 6068.416748809562
58.35 5517.405782719447
58.85 5033.311904458219
59.35 4568.4284621133775
59.85 4124.228601617393
60.35 3702.345047965837
60.85 3303.3091584266626
61.1 3132.140920981292
61.35 2916.9653870794095
61.85 2559.7984735181076
62.1 2422.6950865195317
62.26 2291.2529633284353
62.59 2081.7919184345346
62.92 1870.9090737847846
63.35 1607.393495003978
63.85 1327.6846681346194
64.35 1020.4255370262856
64.85 771.0515144150049
65.35 536.1679264247008
65.85 282.70030927478535
66.35 55.92724125715939
90
-66.75 1877.1713553228526
-66.25 1946.003695347154
-65.75 2037.2070983410722
-65.25 2593.289821483978
-65.0 3513.7161354069244
-64.75 3479.8547934689764
-64.25 3380.6596733956785
-63.75 2113.3347089722392
-63.25 4059.6022564044165
-62.75 3335.6700278802546
-62.25 3301.2288183024248
-61.75 3283.642383355429
-61.25 10594.030661446186
-60.75 10795.9238818421
-60.25 8861.19893225714
-59.75 9066.528983592601
-59.25 9288.208591999079
-58.75 9512.067657874826
-58.25 9754.410343100126
-57.75 7634.680605042736
-57.25 8407.15686766133
-56.75 8589.560769303278
-56.25 6786.173510125523
-55.75 15664.970865775646
-55.0 16740.385873700794
-54.0 17559.736160515382
-53.0 18291.444616773457
-52.0 17767.761129476366
-51.0 11431.814821116817
-50.25 12315.865197973422
-50.0 11587.32228468799
-49.5 12166.9744765959
-49.0 15702.849256604219
-48.75 15972.46054107731
-48.25 17273.390516045183
-47.75 17657.415706029497
-47.2 20364.787231724717
-45.95 21689.996679532884
-42.5 27454.1477134355
-37.5 36207.23109636877
-32.5 41489.77778498209
-27.5 45409.11724639337
-22.5 48044.37840160181
-17.5 50378.76612964697
-12.5 52012.96158540498
-7.5 52927.55383242956
-2.5 53126.176849592935
2.5 52634.04818968282
7.5 51471.606687640124
12.5 49648.550883860495
17.5 47161.38953280899
22.5 43998.11579887269
27.5 40175.99453161406
32.5 35708.090184231245
37.5 30616.18657560684
42.5 24962.786196758443
47.35 19028.65947335456
50.0 15453.105356816846
50.6 14688.044870331196
51.2 13929.618485554105
51.8 13178.376344358312
52.4 12432.556386506481
53.0 11708.807590763397
53.6 10982.592457232364
54.2 10268.722636034703
54.8 9565.701101406048
55.4 8873.181783410279
56.0 8190.3445981974855
56.6 7516.2043350571985
57.2 6849.675100611621
57.8 6198.521741326271
58.35 5624.213407009302
58.85 5121.565950560841
59.35 4640.320090676923
59.85 4181.875580376253
60.35 3747.7664824912144
60.85 3338.479258531566
61.1 3162.1033418748234
61.35 2943.570612854744
61.85 2579.6510407155606
62.1 2439.171421990446
62.26 2306.421425502369
62.59 2094.1376478569855
62.92 1880.8839813525035
63.35 1615.1065571750103
63.85 1333.4801444947152
64.35 1024.7520828063286
64.85 774.1043241669588
65.35 538.2981177461589
65.85 283.61866401766525
66.35 56.41706347828885
100
-66.75 1261.0432924429251
-66.25 1348.8965221731648
-65.75 1469.203605047708
-65.25 2176.291679717524
-65.0 3229.7324446738758
-64.75 3193.341690556965
-64.25 3086.024107955115
-63.75 1579.5028036800304
-63.25 3834.978567262188
-62.75 3047.4531855485116
-62.25 3013.368084476872
-61.75 2997.943128071863
-61.25 10534.114732646927
-60.75 10732.114163383378
-60.25 8754.166451029876
-59.75 8954.655713114335
-59.25 9170.943727349615
-58.75 9388.707246871976
-58.25 9624.766412013549
-57.75 7449.969285680493
-57.25 8228.59321998193
-56.75 8403.181005224833
-56.25 6550.688153155755
-55.75 15555.700070488405
-55.0 16622.476370506578
-54.0 17421.423518481894
-53.0 18130.267126144474
-52.0 17570.406093560123
-51.0 11169.32089137386
-50.25 12046.501102858005
-50.0 11318.971145174248
-49.5 11888.829722519766
-49.0 15403.655902527942
-48.75 15669.337899664984
-48.25 16962.892736693328
-47.75 17337.820711395707
-47.2 20039.62670218238
-45.95 21336.41639786807
-42.5 27020.11091431765
-37.5 35647.31728482541
-32.5 40794.052926025935
-27.5 44590.583933483475
-22.5 47137.66643655298
-17.5 49418.10764392352
-12.5 51042.85041564367
-7.5 51994.284903280204
-2.5 52278.6581143861
2.5 51918.82511908067
7.5 50929.88204216763
12.5 49313.11723976875
17.5 47051.68239190447
22.5 44118.18629303743
27.5 40514.62980080203
32.5 36233.90471107604
37.5 31270.208530266937
42.5 25647.470407203262
47.35 19616.5787513527
50.0 15915.11455144608
50.6 15120.233527529184
51.2 14331.343412858587
51.8 13549.11544799493
52.4 12771.421778820668
53.0 12018.281095928174
53.6 11260.428795054697
54.2 10515.787825764706
54.8 9782.814627206015
55.4 9061.469239607946
56.0 8351.316042403374
56.6 7651.70191401378
57.2 6961.541060891501
57.8 6289.261042457101
58.35 5697.569507391624
58.85 5181.259896050827
59.35 4688.000058707734
59.85 4219.1311734452665
60.35 3776.1070519667924
60.85 3359.4128654665733
61.1 3178.9961620516665
61.35 2958.450021351822
61.85 2589.868638044153
62.1 2446.8710016146047
62.26 2313.395191830237
62.59 2099.3169580493354
62.92 1884.6387187705309
63.35 1617.6220782349565
63.85 1335.0858830130526
64.35 1025.7588303510504
64.85 774.7256732951726
65.35 538.5852376753228
65.85 283.15459809667794
66.35 55.65553127208336
